single point
in_inst:0_usecol:1_direct_idx0:18.75                      0.4621856287915541    1.000000000000000   0.0000000000000000
out_inst:0_usecol:2_direct_idx0:18.75                      0.4603655501633221   -1.000000000000000   0.0000000000000000
in_inst:0_usecol:1_direct_idx0:21.25                      1.554647852746468    1.000000000000000   0.0000000000000000
out_inst:0_usecol:2_direct_idx0:21.25                      0.5051838539555269   -1.000000000000000   0.0000000000000000
in_inst:0_usecol:1_direct_idx0:23.75                      1.443920244310695    1.000000000000000   0.0000000000000000
out_inst:0_usecol:2_direct_idx0:23.75                      0.5111711785981732   -1.000000000000000   0.0000000000000000
in_inst:0_usecol:1_direct_idx0:26.25                      1.234669169662400    1.000000000000000   0.0000000000000000
out_inst:0_usecol:2_direct_idx0:26.25                      0.5208122823290782   -1.000000000000000   0.0000000000000000
in_inst:0_usecol:1_direct_idx0:28.75                      1.017078203072762    1.000000000000000   0.0000000000000000
out_inst:0_usecol:2_direct_idx0:28.75                      0.5268519694630105   -1.000000000000000   0.0000000000000000
in_inst:0_usecol:1_direct_idx0:31.25                      0.6361241716512097    1.000000000000000   0.0000000000000000
out_inst:0_usecol:2_direct_idx0:31.25                      0.5210002206284731   -1.000000000000000   0.0000000000000000
in_inst:0_usecol:1_direct_idx0:33.75                      0.3256952183626893    1.000000000000000   0.0000000000000000
out_inst:0_usecol:2_direct_idx0:33.75                      0.5580983181716170   -1.000000000000000   0.0000000000000000
in_inst:0_usecol:1_direct_idx0:36.25                      4.939221015601071    1.000000000000000   0.0000000000000000
out_inst:0_usecol:2_direct_idx0:36.25                      0.9145505453902389   -1.000000000000000   0.0000000000000000
in_inst:0_usecol:1_direct_idx0:38.75                      4.440697779758387    1.000000000000000   0.0000000000000000
out_inst:0_usecol:2_direct_idx0:38.75                      0.9699346941548384   -1.000000000000000   0.0000000000000000
in_inst:0_usecol:1_direct_idx0:41.25                      3.819698581511164    1.000000000000000   0.0000000000000000
out_inst:0_usecol:2_direct_idx0:41.25                      0.9746220896147418   -1.000000000000000   0.0000000000000000
in_inst:0_usecol:1_direct_idx0:43.75                      3.342353005487077    1.000000000000000   0.0000000000000000
out_inst:0_usecol:2_direct_idx0:43.75                      0.9747526826004307   -1.000000000000000   0.0000000000000000
in_inst:0_usecol:1_direct_idx0:46.25                      2.837104657622753    1.000000000000000   0.0000000000000000
out_inst:0_usecol:2_direct_idx0:46.25                      0.9736091757330514   -1.000000000000000   0.0000000000000000
in_inst:0_usecol:1_direct_idx0:48.75                      1.956025086711240    1.000000000000000   0.0000000000000000
out_inst:0_usecol:2_direct_idx0:48.75                      0.9690079009279844   -1.000000000000000   0.0000000000000000
in_inst:0_usecol:1_direct_idx0:51.25                      0.8225980691112049    1.000000000000000   0.0000000000000000
out_inst:0_usecol:2_direct_idx0:51.25                      0.9355820936145882   -1.000000000000000   0.0000000000000000
in_inst:0_usecol:1_direct_idx0:53.75                      0.2744843704253775    1.000000000000000   0.0000000000000000
out_inst:0_usecol:2_direct_idx0:53.75                      0.7304717681913221   -1.000000000000000   0.0000000000000000
in_inst:0_usecol:1_direct_idx0:56.25                      0.2161549406680205    1.000000000000000   0.0000000000000000
out_inst:0_usecol:2_direct_idx0:56.25                      0.5187532545283091   -1.000000000000000   0.0000000000000000
in_inst:0_usecol:1_direct_idx0:58.75                      0.2129231706538646    1.000000000000000   0.0000000000000000
out_inst:0_usecol:2_direct_idx0:58.75                      0.3739831786065708   -1.000000000000000   0.0000000000000000
in_inst:0_usecol:1_direct_idx0:61.25                      0.2241521451063026    1.000000000000000   0.0000000000000000
out_inst:0_usecol:2_direct_idx0:61.25                      0.2838850431790668   -1.000000000000000   0.0000000000000000
in_inst:0_usecol:1_direct_idx0:63.75                      0.2317256821208295    1.000000000000000   0.0000000000000000
out_inst:0_usecol:2_direct_idx0:63.75                      0.2243500837812168   -1.000000000000000   0.0000000000000000
in_inst:0_usecol:1_direct_idx0:66.25                      0.2321878031355120    1.000000000000000   0.0000000000000000
out_inst:0_usecol:2_direct_idx0:66.25                      0.1781463791008027   -1.000000000000000   0.0000000000000000
in_inst:0_usecol:1_direct_idx0:68.75                      0.2448230207987496    1.000000000000000   0.0000000000000000
out_inst:0_usecol:2_direct_idx0:68.75                      0.1420177434386687   -1.000000000000000   0.0000000000000000
in_inst:0_usecol:1_direct_idx0:71.25                      0.4012098531944808    1.000000000000000   0.0000000000000000
out_inst:0_usecol:2_direct_idx0:71.25                      0.1527777035471462   -1.000000000000000   0.0000000000000000
tot_inst:0_usecol:1_direct                      1.253133772984972    1.000000000000000   0.0000000000000000
p_inst:0_usecol:1_direct_idx0:boreholedepth                      71.25000000000000    1.000000000000000   0.0000000000000000
p_inst:0_usecol:1_direct_idx0:spatialdiscretizationofgrid                      2.500000000000000    1.000000000000000   0.0000000000000000
p_inst:0_usecol:1_direct_idx0:constantboreholecross-sectionalarea                      0.03141592700000000    1.000000000000000   0.0000000000000000
p_inst:0_usecol:1_direct_idx0:dispersivity                      1.863043074209785    1.000000000000000   0.0000000000000000
p_inst:0_usecol:1_direct_idx0:diffusioncoefficient                      1.000000000000000e-09    1.000000000000000   0.0000000000000000
p_inst:0_usecol:1_direct_idx0:tracerconcentrationofwaterinflow                      0.0000000000000000    1.000000000000000   0.0000000000000000
p_inst:0_usecol:1_direct_idx0:watertemperature                      28.50000000000000    1.000000000000000   0.0000000000000000
p_inst:0_usecol:1_direct_idx0:alphamin                      0.2000000000000000    1.000000000000000   0.0000000000000000
p_inst:0_usecol:1_direct_idx0:alphamax                      1.500000000000000    1.000000000000000   0.0000000000000000
p_inst:0_usecol:1_direct_idx0:flowmin                      0.0000000000000000    1.000000000000000   0.0000000000000000
p_inst:0_usecol:1_direct_idx0:flowmax                      2.000000000000000    1.000000000000000   0.0000000000000000
