single point
in_inst:0_usecol:1_direct_idx0:18.75                      0.5569228826800000    1.000000000000000   0.0000000000000000
out_inst:0_usecol:2_direct_idx0:18.75                      0.1960147512300000   -1.000000000000000   0.0000000000000000
in_inst:0_usecol:1_direct_idx0:21.25                      2.231061296700000    1.000000000000000   0.0000000000000000
out_inst:0_usecol:2_direct_idx0:21.25                      0.2049156416600000   -1.000000000000000   0.0000000000000000
in_inst:0_usecol:1_direct_idx0:23.75                      1.665346997200000    1.000000000000000   0.0000000000000000
out_inst:0_usecol:2_direct_idx0:23.75                      0.2107329286400000   -1.000000000000000   0.0000000000000000
in_inst:0_usecol:1_direct_idx0:26.25                      1.245378256700000    1.000000000000000   0.0000000000000000
out_inst:0_usecol:2_direct_idx0:26.25                      0.2199828960300000   -1.000000000000000   0.0000000000000000
in_inst:0_usecol:1_direct_idx0:28.75                      0.9469863577600000    1.000000000000000   0.0000000000000000
out_inst:0_usecol:2_direct_idx0:28.75                      0.2426656026500000   -1.000000000000000   0.0000000000000000
in_inst:0_usecol:1_direct_idx0:31.25                      0.9476510671700000    1.000000000000000   0.0000000000000000
out_inst:0_usecol:2_direct_idx0:31.25                      0.3044991357200000   -1.000000000000000   0.0000000000000000
in_inst:0_usecol:1_direct_idx0:33.75                      2.533896636200000    1.000000000000000   0.0000000000000000
out_inst:0_usecol:2_direct_idx0:33.75                      0.4949665044600000   -1.000000000000000   0.0000000000000000
in_inst:0_usecol:1_direct_idx0:36.25                      67.98469362700000    1.000000000000000   0.0000000000000000
out_inst:0_usecol:2_direct_idx0:36.25                      1.273256614500000   -1.000000000000000   0.0000000000000000
in_inst:0_usecol:1_direct_idx0:38.75                      8.313667075800000    1.000000000000000   0.0000000000000000
out_inst:0_usecol:2_direct_idx0:38.75                      2.611250392200000   -1.000000000000000   0.0000000000000000
in_inst:0_usecol:1_direct_idx0:41.25                      3.206360654100000    1.000000000000000   0.0000000000000000
out_inst:0_usecol:2_direct_idx0:41.25                      4.492153510100000   -1.000000000000000   0.0000000000000000
in_inst:0_usecol:1_direct_idx0:43.75                      2.506266390200000    1.000000000000000   0.0000000000000000
out_inst:0_usecol:2_direct_idx0:43.75                      7.661853927500000   -1.000000000000000   0.0000000000000000
in_inst:0_usecol:1_direct_idx0:46.25                      2.871217339000000    1.000000000000000   0.0000000000000000
out_inst:0_usecol:2_direct_idx0:46.25                      14.28524583500000   -1.000000000000000   0.0000000000000000
in_inst:0_usecol:1_direct_idx0:48.75                      3.654365409600000    1.000000000000000   0.0000000000000000
out_inst:0_usecol:2_direct_idx0:48.75                      19.87338204000000   -1.000000000000000   0.0000000000000000
in_inst:0_usecol:1_direct_idx0:51.25                      2.697419074400000    1.000000000000000   0.0000000000000000
out_inst:0_usecol:2_direct_idx0:51.25                      9.734885517200000   -1.000000000000000   0.0000000000000000
in_inst:0_usecol:1_direct_idx0:53.75                      0.4969067408200000    1.000000000000000   0.0000000000000000
out_inst:0_usecol:2_direct_idx0:53.75                      0.5670649045700000   -1.000000000000000   0.0000000000000000
in_inst:0_usecol:1_direct_idx0:56.25                      0.2095007758300000    1.000000000000000   0.0000000000000000
out_inst:0_usecol:2_direct_idx0:56.25                      0.2069983020200000   -1.000000000000000   0.0000000000000000
in_inst:0_usecol:1_direct_idx0:58.75                      0.1362937312600000    1.000000000000000   0.0000000000000000
out_inst:0_usecol:2_direct_idx0:58.75                      0.1202498413100000   -1.000000000000000   0.0000000000000000
in_inst:0_usecol:1_direct_idx0:61.25                      0.06986013732400000    1.000000000000000   0.0000000000000000
out_inst:0_usecol:2_direct_idx0:61.25                      0.08596756510799999   -1.000000000000000   0.0000000000000000
in_inst:0_usecol:1_direct_idx0:63.75                      0.04276049750100000    1.000000000000000   0.0000000000000000
out_inst:0_usecol:2_direct_idx0:63.75                      0.07255188139000000   -1.000000000000000   0.0000000000000000
in_inst:0_usecol:1_direct_idx0:66.25                      0.03590416759900000    1.000000000000000   0.0000000000000000
out_inst:0_usecol:2_direct_idx0:66.25                      0.07221242439300000   -1.000000000000000   0.0000000000000000
in_inst:0_usecol:1_direct_idx0:68.75                      0.04546277298200000    1.000000000000000   0.0000000000000000
out_inst:0_usecol:2_direct_idx0:68.75                      0.08787019410200000   -1.000000000000000   0.0000000000000000
in_inst:0_usecol:1_direct_idx0:71.25                      0.1617300697000000    1.000000000000000   0.0000000000000000
out_inst:0_usecol:2_direct_idx0:71.25                      0.1308351609400000   -1.000000000000000   0.0000000000000000
tot_inst:0_usecol:1_direct                      3.645610088000000    1.000000000000000   0.0000000000000000
p_inst:0_usecol:1_direct_idx0:boreholedepth                      71.25000000000000    1.000000000000000   0.0000000000000000
p_inst:0_usecol:1_direct_idx0:spatialdiscretizationofgrid                      2.500000000000000    1.000000000000000   0.0000000000000000
p_inst:0_usecol:1_direct_idx0:constantboreholecross-sectionalarea                      0.03141592700000000    1.000000000000000   0.0000000000000000
p_inst:0_usecol:1_direct_idx0:dispersivity                      0.7706954090900000    1.000000000000000   0.0000000000000000
p_inst:0_usecol:1_direct_idx0:diffusioncoefficient                      1.000000000000000e-09    1.000000000000000   0.0000000000000000
p_inst:0_usecol:1_direct_idx0:tracerconcentrationofwaterinflow                      0.0000000000000000    1.000000000000000   0.0000000000000000
p_inst:0_usecol:1_direct_idx0:watertemperature                      28.50000000000000    1.000000000000000   0.0000000000000000
p_inst:0_usecol:1_direct_idx0:alphamin                      0.2000000000000000    1.000000000000000   0.0000000000000000
p_inst:0_usecol:1_direct_idx0:alphamax                      1.500000000000000    1.000000000000000   0.0000000000000000
p_inst:0_usecol:1_direct_idx0:flowmin                      0.0000000000000000    1.000000000000000   0.0000000000000000
p_inst:0_usecol:1_direct_idx0:flowmax                      2.000000000000000    1.000000000000000   0.0000000000000000
