single point
in_inst:0_usecol:1_direct_idx0:18.75                      0.5465092676395525    1.000000000000000   0.0000000000000000
out_inst:0_usecol:2_direct_idx0:18.75                      0.3276755451401261   -1.000000000000000   0.0000000000000000
in_inst:0_usecol:1_direct_idx0:21.25                      1.639666982580448    1.000000000000000   0.0000000000000000
out_inst:0_usecol:2_direct_idx0:21.25                      0.4325553079384289   -1.000000000000000   0.0000000000000000
in_inst:0_usecol:1_direct_idx0:23.75                      1.251760134499914    1.000000000000000   0.0000000000000000
out_inst:0_usecol:2_direct_idx0:23.75                      0.4764027599140419   -1.000000000000000   0.0000000000000000
in_inst:0_usecol:1_direct_idx0:26.25                      1.046539539529796    1.000000000000000   0.0000000000000000
out_inst:0_usecol:2_direct_idx0:26.25                      0.4772269520067178   -1.000000000000000   0.0000000000000000
in_inst:0_usecol:1_direct_idx0:28.75                      0.9304012765785609    1.000000000000000   0.0000000000000000
out_inst:0_usecol:2_direct_idx0:28.75                      0.4398527207962487   -1.000000000000000   0.0000000000000000
in_inst:0_usecol:1_direct_idx0:31.25                      1.016790086985911    1.000000000000000   0.0000000000000000
out_inst:0_usecol:2_direct_idx0:31.25                      0.3614743745406856   -1.000000000000000   0.0000000000000000
in_inst:0_usecol:1_direct_idx0:33.75                      0.7242119679515620    1.000000000000000   0.0000000000000000
out_inst:0_usecol:2_direct_idx0:33.75                      0.2826946080458915   -1.000000000000000   0.0000000000000000
in_inst:0_usecol:1_direct_idx0:36.25                      13.83472459233051    1.000000000000000   0.0000000000000000
out_inst:0_usecol:2_direct_idx0:36.25                      1.954959414048232   -1.000000000000000   0.0000000000000000
in_inst:0_usecol:1_direct_idx0:38.75                      6.839027522927966    1.000000000000000   0.0000000000000000
out_inst:0_usecol:2_direct_idx0:38.75                      4.528251858970407   -1.000000000000000   0.0000000000000000
in_inst:0_usecol:1_direct_idx0:41.25                      4.592544940706069    1.000000000000000   0.0000000000000000
out_inst:0_usecol:2_direct_idx0:41.25                      5.829208096001666   -1.000000000000000   0.0000000000000000
in_inst:0_usecol:1_direct_idx0:43.75                      4.467144587207681    1.000000000000000   0.0000000000000000
out_inst:0_usecol:2_direct_idx0:43.75                      5.887608897524395   -1.000000000000000   0.0000000000000000
in_inst:0_usecol:1_direct_idx0:46.25                      4.754952407239149    1.000000000000000   0.0000000000000000
out_inst:0_usecol:2_direct_idx0:46.25                      5.263519113590733   -1.000000000000000   0.0000000000000000
in_inst:0_usecol:1_direct_idx0:48.75                      3.957748178683348    1.000000000000000   0.0000000000000000
out_inst:0_usecol:2_direct_idx0:48.75                      4.131028380640696   -1.000000000000000   0.0000000000000000
in_inst:0_usecol:1_direct_idx0:51.25                      1.254234033735642    1.000000000000000   0.0000000000000000
out_inst:0_usecol:2_direct_idx0:51.25                      2.219974466894292   -1.000000000000000   0.0000000000000000
in_inst:0_usecol:1_direct_idx0:53.75                      0.2422609045447178    1.000000000000000   0.0000000000000000
out_inst:0_usecol:2_direct_idx0:53.75                      0.5007489124199541   -1.000000000000000   0.0000000000000000
in_inst:0_usecol:1_direct_idx0:56.25                      0.1511435630198592    1.000000000000000   0.0000000000000000
out_inst:0_usecol:2_direct_idx0:56.25                      0.2005935376155455   -1.000000000000000   0.0000000000000000
in_inst:0_usecol:1_direct_idx0:58.75                      0.1419918860977616    1.000000000000000   0.0000000000000000
out_inst:0_usecol:2_direct_idx0:58.75                      0.1314112470506352   -1.000000000000000   0.0000000000000000
in_inst:0_usecol:1_direct_idx0:61.25                      0.1316685267731263    1.000000000000000   0.0000000000000000
out_inst:0_usecol:2_direct_idx0:61.25                      0.1008171368512165   -1.000000000000000   0.0000000000000000
in_inst:0_usecol:1_direct_idx0:63.75                      0.1164826238988317    1.000000000000000   0.0000000000000000
out_inst:0_usecol:2_direct_idx0:63.75                      0.08345172863609496   -1.000000000000000   0.0000000000000000
in_inst:0_usecol:1_direct_idx0:66.25                      0.1060672691640633    1.000000000000000   0.0000000000000000
out_inst:0_usecol:2_direct_idx0:66.25                      0.07308639557425005   -1.000000000000000   0.0000000000000000
in_inst:0_usecol:1_direct_idx0:68.75                      0.1101592202963685    1.000000000000000   0.0000000000000000
out_inst:0_usecol:2_direct_idx0:68.75                      0.07749961520171698   -1.000000000000000   0.0000000000000000
in_inst:0_usecol:1_direct_idx0:71.25                      0.2874133550756003    1.000000000000000   0.0000000000000000
out_inst:0_usecol:2_direct_idx0:71.25                      0.1303063329904903   -1.000000000000000   0.0000000000000000
tot_inst:0_usecol:1_direct                      2.154972742258059    1.000000000000000   0.0000000000000000
p_inst:0_usecol:1_direct_idx0:boreholedepth                      71.25000000000000    1.000000000000000   0.0000000000000000
p_inst:0_usecol:1_direct_idx0:spatialdiscretizationofgrid                      2.500000000000000    1.000000000000000   0.0000000000000000
p_inst:0_usecol:1_direct_idx0:constantboreholecross-sectionalarea                      0.03141592700000000    1.000000000000000   0.0000000000000000
p_inst:0_usecol:1_direct_idx0:dispersivity                      5.606077524285352    1.000000000000000   0.0000000000000000
p_inst:0_usecol:1_direct_idx0:diffusioncoefficient                      1.000000000000000e-09    1.000000000000000   0.0000000000000000
p_inst:0_usecol:1_direct_idx0:tracerconcentrationofwaterinflow                      0.0000000000000000    1.000000000000000   0.0000000000000000
p_inst:0_usecol:1_direct_idx0:watertemperature                      28.50000000000000    1.000000000000000   0.0000000000000000
p_inst:0_usecol:1_direct_idx0:alphamin                      0.2000000000000000    1.000000000000000   0.0000000000000000
p_inst:0_usecol:1_direct_idx0:alphamax                      1.500000000000000    1.000000000000000   0.0000000000000000
p_inst:0_usecol:1_direct_idx0:flowmin                      0.0000000000000000    1.000000000000000   0.0000000000000000
p_inst:0_usecol:1_direct_idx0:flowmax                      2.000000000000000    1.000000000000000   0.0000000000000000
