single point
in_inst:0_usecol:1_direct_idx0:18.75                      0.5569228826847039    1.000000000000000   0.0000000000000000
out_inst:0_usecol:2_direct_idx0:18.75                      0.1960147512303166   -1.000000000000000   0.0000000000000000
in_inst:0_usecol:1_direct_idx0:21.25                      2.231061296673635    1.000000000000000   0.0000000000000000
out_inst:0_usecol:2_direct_idx0:21.25                      0.2049156416584580   -1.000000000000000   0.0000000000000000
in_inst:0_usecol:1_direct_idx0:23.75                      1.665346997187359    1.000000000000000   0.0000000000000000
out_inst:0_usecol:2_direct_idx0:23.75                      0.2107329286376532   -1.000000000000000   0.0000000000000000
in_inst:0_usecol:1_direct_idx0:26.25                      1.245378256658995    1.000000000000000   0.0000000000000000
out_inst:0_usecol:2_direct_idx0:26.25                      0.2199828960265734   -1.000000000000000   0.0000000000000000
in_inst:0_usecol:1_direct_idx0:28.75                      0.9469863577601819    1.000000000000000   0.0000000000000000
out_inst:0_usecol:2_direct_idx0:28.75                      0.2426656026461297   -1.000000000000000   0.0000000000000000
in_inst:0_usecol:1_direct_idx0:31.25                      0.9476510671740749    1.000000000000000   0.0000000000000000
out_inst:0_usecol:2_direct_idx0:31.25                      0.3044991357232046   -1.000000000000000   0.0000000000000000
in_inst:0_usecol:1_direct_idx0:33.75                      2.533896636205483    1.000000000000000   0.0000000000000000
out_inst:0_usecol:2_direct_idx0:33.75                      0.4949665044566095   -1.000000000000000   0.0000000000000000
in_inst:0_usecol:1_direct_idx0:36.25                      67.98469362725783    1.000000000000000   0.0000000000000000
out_inst:0_usecol:2_direct_idx0:36.25                      1.273256614478827   -1.000000000000000   0.0000000000000000
in_inst:0_usecol:1_direct_idx0:38.75                      8.313667075824050    1.000000000000000   0.0000000000000000
out_inst:0_usecol:2_direct_idx0:38.75                      2.611250392201854   -1.000000000000000   0.0000000000000000
in_inst:0_usecol:1_direct_idx0:41.25                      3.206360654135640    1.000000000000000   0.0000000000000000
out_inst:0_usecol:2_direct_idx0:41.25                      4.492153510105613   -1.000000000000000   0.0000000000000000
in_inst:0_usecol:1_direct_idx0:43.75                      2.506266390173363    1.000000000000000   0.0000000000000000
out_inst:0_usecol:2_direct_idx0:43.75                      7.661853927530036   -1.000000000000000   0.0000000000000000
in_inst:0_usecol:1_direct_idx0:46.25                      2.871217339022923    1.000000000000000   0.0000000000000000
out_inst:0_usecol:2_direct_idx0:46.25                      14.28524583450191   -1.000000000000000   0.0000000000000000
in_inst:0_usecol:1_direct_idx0:48.75                      3.654365409555129    1.000000000000000   0.0000000000000000
out_inst:0_usecol:2_direct_idx0:48.75                      19.87338204047870   -1.000000000000000   0.0000000000000000
in_inst:0_usecol:1_direct_idx0:51.25                      2.697419074387949    1.000000000000000   0.0000000000000000
out_inst:0_usecol:2_direct_idx0:51.25                      9.734885517151945   -1.000000000000000   0.0000000000000000
in_inst:0_usecol:1_direct_idx0:53.75                      0.4969067408191390    1.000000000000000   0.0000000000000000
out_inst:0_usecol:2_direct_idx0:53.75                      0.5670649045668494   -1.000000000000000   0.0000000000000000
in_inst:0_usecol:1_direct_idx0:56.25                      0.2095007758271269    1.000000000000000   0.0000000000000000
out_inst:0_usecol:2_direct_idx0:56.25                      0.2069983020222418   -1.000000000000000   0.0000000000000000
in_inst:0_usecol:1_direct_idx0:58.75                      0.1362937312649581    1.000000000000000   0.0000000000000000
out_inst:0_usecol:2_direct_idx0:58.75                      0.1202498413052427   -1.000000000000000   0.0000000000000000
in_inst:0_usecol:1_direct_idx0:61.25                      0.06986013732350020    1.000000000000000   0.0000000000000000
out_inst:0_usecol:2_direct_idx0:61.25                      0.08596756510797972   -1.000000000000000   0.0000000000000000
in_inst:0_usecol:1_direct_idx0:63.75                      0.04276049750060174    1.000000000000000   0.0000000000000000
out_inst:0_usecol:2_direct_idx0:63.75                      0.07255188139017242   -1.000000000000000   0.0000000000000000
in_inst:0_usecol:1_direct_idx0:66.25                      0.03590416759858046    1.000000000000000   0.0000000000000000
out_inst:0_usecol:2_direct_idx0:66.25                      0.07221242439347086   -1.000000000000000   0.0000000000000000
in_inst:0_usecol:1_direct_idx0:68.75                      0.04546277298205693    1.000000000000000   0.0000000000000000
out_inst:0_usecol:2_direct_idx0:68.75                      0.08787019410171895   -1.000000000000000   0.0000000000000000
in_inst:0_usecol:1_direct_idx0:71.25                      0.1617300697036535    1.000000000000000   0.0000000000000000
out_inst:0_usecol:2_direct_idx0:71.25                      0.1308351609408781   -1.000000000000000   0.0000000000000000
tot_inst:0_usecol:1_direct                      3.645610088002124    1.000000000000000   0.0000000000000000
p_inst:0_usecol:1_direct_idx0:boreholedepth                      71.25000000000000    1.000000000000000   0.0000000000000000
p_inst:0_usecol:1_direct_idx0:spatialdiscretizationofgrid                      2.500000000000000    1.000000000000000   0.0000000000000000
p_inst:0_usecol:1_direct_idx0:constantboreholecross-sectionalarea                      0.03141592700000000    1.000000000000000   0.0000000000000000
p_inst:0_usecol:1_direct_idx0:dispersivity                      0.7706954090921820    1.000000000000000   0.0000000000000000
p_inst:0_usecol:1_direct_idx0:diffusioncoefficient                      1.000000000000168e-09    1.000000000000000   0.0000000000000000
p_inst:0_usecol:1_direct_idx0:tracerconcentrationofwaterinflow                      0.0000000000000000    1.000000000000000   0.0000000000000000
p_inst:0_usecol:1_direct_idx0:watertemperature                      28.50000000000000    1.000000000000000   0.0000000000000000
p_inst:0_usecol:1_direct_idx0:alphamin                      0.2000000000000000    1.000000000000000   0.0000000000000000
p_inst:0_usecol:1_direct_idx0:alphamax                      1.500000000000000    1.000000000000000   0.0000000000000000
p_inst:0_usecol:1_direct_idx0:flowmin                      0.0000000000000000    1.000000000000000   0.0000000000000000
p_inst:0_usecol:1_direct_idx0:flowmax                      2.000000000000000    1.000000000000000   0.0000000000000000
