single point
in_inst:0_usecol:1_direct_idx0:18.75                      0.4174393293805970    1.000000000000000   0.0000000000000000
out_inst:0_usecol:2_direct_idx0:18.75                      0.4999999999690769   -1.000000000000000   0.0000000000000000
in_inst:0_usecol:1_direct_idx0:21.25                      1.042939068629068    1.000000000000000   0.0000000000000000
out_inst:0_usecol:2_direct_idx0:21.25                      0.4999999999685267   -1.000000000000000   0.0000000000000000
in_inst:0_usecol:1_direct_idx0:23.75                      1.059452885359039    1.000000000000000   0.0000000000000000
out_inst:0_usecol:2_direct_idx0:23.75                      0.4999999999697883   -1.000000000000000   0.0000000000000000
in_inst:0_usecol:1_direct_idx0:26.25                      0.9444953612365963    1.000000000000000   0.0000000000000000
out_inst:0_usecol:2_direct_idx0:26.25                      0.4999999999710750   -1.000000000000000   0.0000000000000000
in_inst:0_usecol:1_direct_idx0:28.75                      0.8261278851297827    1.000000000000000   0.0000000000000000
out_inst:0_usecol:2_direct_idx0:28.75                      0.4999999999722849   -1.000000000000000   0.0000000000000000
in_inst:0_usecol:1_direct_idx0:31.25                      0.7230925699893137    1.000000000000000   0.0000000000000000
out_inst:0_usecol:2_direct_idx0:31.25                      0.4999999999734643   -1.000000000000000   0.0000000000000000
in_inst:0_usecol:1_direct_idx0:33.75                      0.7045395330890499    1.000000000000000   0.0000000000000000
out_inst:0_usecol:2_direct_idx0:33.75                      0.4999999999745971   -1.000000000000000   0.0000000000000000
in_inst:0_usecol:1_direct_idx0:36.25                      2.266893253436461    1.000000000000000   0.0000000000000000
out_inst:0_usecol:2_direct_idx0:36.25                      0.4999999999758418   -1.000000000000000   0.0000000000000000
in_inst:0_usecol:1_direct_idx0:38.75                      2.427635548173858    1.000000000000000   0.0000000000000000
out_inst:0_usecol:2_direct_idx0:38.75                      0.4999999999770909   -1.000000000000000   0.0000000000000000
in_inst:0_usecol:1_direct_idx0:41.25                      2.366026283133655    1.000000000000000   0.0000000000000000
out_inst:0_usecol:2_direct_idx0:41.25                      0.4999999999787739   -1.000000000000000   0.0000000000000000
in_inst:0_usecol:1_direct_idx0:43.75                      2.324724414867041    1.000000000000000   0.0000000000000000
out_inst:0_usecol:2_direct_idx0:43.75                      0.4999999999799255   -1.000000000000000   0.0000000000000000
in_inst:0_usecol:1_direct_idx0:46.25                      2.287269062967503    1.000000000000000   0.0000000000000000
out_inst:0_usecol:2_direct_idx0:46.25                      0.4999999999806957   -1.000000000000000   0.0000000000000000
in_inst:0_usecol:1_direct_idx0:48.75                      2.213868055263083    1.000000000000000   0.0000000000000000
out_inst:0_usecol:2_direct_idx0:48.75                      0.4999999999808314   -1.000000000000000   0.0000000000000000
in_inst:0_usecol:1_direct_idx0:51.25                      1.888545263672185    1.000000000000000   0.0000000000000000
out_inst:0_usecol:2_direct_idx0:51.25                      0.4999999999807064   -1.000000000000000   0.0000000000000000
in_inst:0_usecol:1_direct_idx0:53.75                      0.6322525776543988    1.000000000000000   0.0000000000000000
out_inst:0_usecol:2_direct_idx0:53.75                      0.4999999999803375   -1.000000000000000   0.0000000000000000
in_inst:0_usecol:1_direct_idx0:56.25                      0.3430628416282255    1.000000000000000   0.0000000000000000
out_inst:0_usecol:2_direct_idx0:56.25                      0.4999999999795127   -1.000000000000000   0.0000000000000000
in_inst:0_usecol:1_direct_idx0:58.75                      0.2865092500627684    1.000000000000000   0.0000000000000000
out_inst:0_usecol:2_direct_idx0:58.75                      0.4999999999782482   -1.000000000000000   0.0000000000000000
in_inst:0_usecol:1_direct_idx0:61.25                      0.2731644654536859    1.000000000000000   0.0000000000000000
out_inst:0_usecol:2_direct_idx0:61.25                      0.4999999999770559   -1.000000000000000   0.0000000000000000
in_inst:0_usecol:1_direct_idx0:63.75                      0.2694272671582948    1.000000000000000   0.0000000000000000
out_inst:0_usecol:2_direct_idx0:63.75                      0.4999999999758618   -1.000000000000000   0.0000000000000000
in_inst:0_usecol:1_direct_idx0:66.25                      0.2684053500235352    1.000000000000000   0.0000000000000000
out_inst:0_usecol:2_direct_idx0:66.25                      0.4999999999745954   -1.000000000000000   0.0000000000000000
in_inst:0_usecol:1_direct_idx0:68.75                      0.2689650180665685    1.000000000000000   0.0000000000000000
out_inst:0_usecol:2_direct_idx0:68.75                      0.4999999999731289   -1.000000000000000   0.0000000000000000
in_inst:0_usecol:1_direct_idx0:71.25                      0.2936154061792677    1.000000000000000   0.0000000000000000
out_inst:0_usecol:2_direct_idx0:71.25                      0.4999999999713400   -1.000000000000000   0.0000000000000000
tot_inst:0_usecol:1_direct                      1.100000000000000    1.000000000000000   0.0000000000000000
p_inst:0_usecol:1_direct_idx0:boreholedepth                      71.25000000000000    1.000000000000000   0.0000000000000000
p_inst:0_usecol:1_direct_idx0:spatialdiscretizationofgrid                      2.500000000000000    1.000000000000000   0.0000000000000000
p_inst:0_usecol:1_direct_idx0:constantboreholecross-sectionalarea                      0.03141592700000000    1.000000000000000   0.0000000000000000
p_inst:0_usecol:1_direct_idx0:dispersivity                      1.250000000000000    1.000000000000000   0.0000000000000000
p_inst:0_usecol:1_direct_idx0:diffusioncoefficient                      1.000000000000000e-09    1.000000000000000   0.0000000000000000
p_inst:0_usecol:1_direct_idx0:tracerconcentrationofwaterinflow                      0.0000000000000000    1.000000000000000   0.0000000000000000
p_inst:0_usecol:1_direct_idx0:watertemperature                      28.50000000000000    1.000000000000000   0.0000000000000000
p_inst:0_usecol:1_direct_idx0:alphamin                      0.2000000000000000    1.000000000000000   0.0000000000000000
p_inst:0_usecol:1_direct_idx0:alphamax                      1.500000000000000    1.000000000000000   0.0000000000000000
p_inst:0_usecol:1_direct_idx0:flowmin                      0.0000000000000000    1.000000000000000   0.0000000000000000
p_inst:0_usecol:1_direct_idx0:flowmax                      2.000000000000000    1.000000000000000   0.0000000000000000
