single point
in_inst:0_usecol:1_direct_idx0:18.75                      0.5379093520600180    1.000000000000000   0.0000000000000000
out_inst:0_usecol:2_direct_idx0:18.75                      0.2397963578112911   -1.000000000000000   0.0000000000000000
in_inst:0_usecol:1_direct_idx0:21.25                      1.845417498517255    1.000000000000000   0.0000000000000000
out_inst:0_usecol:2_direct_idx0:21.25                      0.2447024423547741   -1.000000000000000   0.0000000000000000
in_inst:0_usecol:1_direct_idx0:23.75                      1.586141018040500    1.000000000000000   0.0000000000000000
out_inst:0_usecol:2_direct_idx0:23.75                      0.2460050000752282   -1.000000000000000   0.0000000000000000
in_inst:0_usecol:1_direct_idx0:26.25                      1.246037518558861    1.000000000000000   0.0000000000000000
out_inst:0_usecol:2_direct_idx0:26.25                      0.2507192910555321   -1.000000000000000   0.0000000000000000
in_inst:0_usecol:1_direct_idx0:28.75                      0.8419968097227679    1.000000000000000   0.0000000000000000
out_inst:0_usecol:2_direct_idx0:28.75                      0.2650379207095205   -1.000000000000000   0.0000000000000000
in_inst:0_usecol:1_direct_idx0:31.25                      0.5167401654658959    1.000000000000000   0.0000000000000000
out_inst:0_usecol:2_direct_idx0:31.25                      0.3154392160730517   -1.000000000000000   0.0000000000000000
in_inst:0_usecol:1_direct_idx0:33.75                      0.7481990406500542    1.000000000000000   0.0000000000000000
out_inst:0_usecol:2_direct_idx0:33.75                      0.4701457362160075   -1.000000000000000   0.0000000000000000
in_inst:0_usecol:1_direct_idx0:36.25                      61.88014159225869    1.000000000000000   0.0000000000000000
out_inst:0_usecol:2_direct_idx0:36.25                      1.596148776033814   -1.000000000000000   0.0000000000000000
in_inst:0_usecol:1_direct_idx0:38.75                      8.127573899871257    1.000000000000000   0.0000000000000000
out_inst:0_usecol:2_direct_idx0:38.75                      3.610522332823422   -1.000000000000000   0.0000000000000000
in_inst:0_usecol:1_direct_idx0:41.25                      3.213038994095603    1.000000000000000   0.0000000000000000
out_inst:0_usecol:2_direct_idx0:41.25                      6.779498226607592   -1.000000000000000   0.0000000000000000
in_inst:0_usecol:1_direct_idx0:43.75                      3.221583984951153    1.000000000000000   0.0000000000000000
out_inst:0_usecol:2_direct_idx0:43.75                      10.98714910141467   -1.000000000000000   0.0000000000000000
in_inst:0_usecol:1_direct_idx0:46.25                      4.186938599126831    1.000000000000000   0.0000000000000000
out_inst:0_usecol:2_direct_idx0:46.25                      12.95926786381193   -1.000000000000000   0.0000000000000000
in_inst:0_usecol:1_direct_idx0:48.75                      4.418144698829231    1.000000000000000   0.0000000000000000
out_inst:0_usecol:2_direct_idx0:48.75                      10.57922266769659   -1.000000000000000   0.0000000000000000
in_inst:0_usecol:1_direct_idx0:51.25                      1.982268294604011    1.000000000000000   0.0000000000000000
out_inst:0_usecol:2_direct_idx0:51.25                      5.644135698480175   -1.000000000000000   0.0000000000000000
in_inst:0_usecol:1_direct_idx0:53.75                      0.3614334753420350    1.000000000000000   0.0000000000000000
out_inst:0_usecol:2_direct_idx0:53.75                      0.7185717256735469   -1.000000000000000   0.0000000000000000
in_inst:0_usecol:1_direct_idx0:56.25                      0.1735022487730959    1.000000000000000   0.0000000000000000
out_inst:0_usecol:2_direct_idx0:56.25                      0.2250207127851186   -1.000000000000000   0.0000000000000000
in_inst:0_usecol:1_direct_idx0:58.75                      0.1751599186794850    1.000000000000000   0.0000000000000000
out_inst:0_usecol:2_direct_idx0:58.75                      0.09295555143491285   -1.000000000000000   0.0000000000000000
in_inst:0_usecol:1_direct_idx0:61.25                      0.1033990401666133    1.000000000000000   0.0000000000000000
out_inst:0_usecol:2_direct_idx0:61.25                      0.06865231779222991   -1.000000000000000   0.0000000000000000
in_inst:0_usecol:1_direct_idx0:63.75                      0.07275927786714287    1.000000000000000   0.0000000000000000
out_inst:0_usecol:2_direct_idx0:63.75                      0.06037613329761105   -1.000000000000000   0.0000000000000000
in_inst:0_usecol:1_direct_idx0:66.25                      0.06611863345261743    1.000000000000000   0.0000000000000000
out_inst:0_usecol:2_direct_idx0:66.25                      0.05891770281250653   -1.000000000000000   0.0000000000000000
in_inst:0_usecol:1_direct_idx0:68.75                      0.07593923816472942    1.000000000000000   0.0000000000000000
out_inst:0_usecol:2_direct_idx0:68.75                      0.07006857987550510   -1.000000000000000   0.0000000000000000
in_inst:0_usecol:1_direct_idx0:71.25                      0.1714052632018371    1.000000000000000   0.0000000000000000
out_inst:0_usecol:2_direct_idx0:71.25                      0.1267711200835578   -1.000000000000000   0.0000000000000000
tot_inst:0_usecol:1_direct                      3.241669954287924    1.000000000000000   0.0000000000000000
p_inst:0_usecol:1_direct_idx0:boreholedepth                      71.25000000000000    1.000000000000000   0.0000000000000000
p_inst:0_usecol:1_direct_idx0:spatialdiscretizationofgrid                      2.500000000000000    1.000000000000000   0.0000000000000000
p_inst:0_usecol:1_direct_idx0:constantboreholecross-sectionalarea                      0.03141592700000000    1.000000000000000   0.0000000000000000
p_inst:0_usecol:1_direct_idx0:dispersivity                      1.378228843285008    1.000000000000000   0.0000000000000000
p_inst:0_usecol:1_direct_idx0:diffusioncoefficient                      1.000000000000168e-09    1.000000000000000   0.0000000000000000
p_inst:0_usecol:1_direct_idx0:tracerconcentrationofwaterinflow                      0.0000000000000000    1.000000000000000   0.0000000000000000
p_inst:0_usecol:1_direct_idx0:watertemperature                      28.50000000000000    1.000000000000000   0.0000000000000000
p_inst:0_usecol:1_direct_idx0:alphamin                      0.2000000000000000    1.000000000000000   0.0000000000000000
p_inst:0_usecol:1_direct_idx0:alphamax                      1.500000000000000    1.000000000000000   0.0000000000000000
p_inst:0_usecol:1_direct_idx0:flowmin                      0.0000000000000000    1.000000000000000   0.0000000000000000
p_inst:0_usecol:1_direct_idx0:flowmax                      2.000000000000000    1.000000000000000   0.0000000000000000
