single point
in_inst:0_usecol:1_direct_idx0:29.0                      1.331866247601800    1.000000000000000   0.0000000000000000
out_inst:0_usecol:2_direct_idx0:29.0                      0.2353187979341052   -1.000000000000000   0.0000000000000000
in_inst:0_usecol:1_direct_idx0:30.0                      15.55522243849858    1.000000000000000   0.0000000000000000
out_inst:0_usecol:2_direct_idx0:30.0                      0.1245463577908171   -1.000000000000000   0.0000000000000000
in_inst:0_usecol:1_direct_idx0:31.0                      0.8059366483747558    1.000000000000000   0.0000000000000000
out_inst:0_usecol:2_direct_idx0:31.0                      0.1281828935225939   -1.000000000000000   0.0000000000000000
in_inst:0_usecol:1_direct_idx0:32.0                      3.636899465169429    1.000000000000000   0.0000000000000000
out_inst:0_usecol:2_direct_idx0:32.0                      0.1343436428092348   -1.000000000000000   0.0000000000000000
in_inst:0_usecol:1_direct_idx0:33.0                      1.630446986578136    1.000000000000000   0.0000000000000000
out_inst:0_usecol:2_direct_idx0:33.0                      0.1356482797762061   -1.000000000000000   0.0000000000000000
in_inst:0_usecol:1_direct_idx0:34.0                      2.126993517350285    1.000000000000000   0.0000000000000000
out_inst:0_usecol:2_direct_idx0:34.0                      0.1437803876957782   -1.000000000000000   0.0000000000000000
in_inst:0_usecol:1_direct_idx0:35.0                      2.297027826658148    1.000000000000000   0.0000000000000000
out_inst:0_usecol:2_direct_idx0:35.0                      0.1547480803784266   -1.000000000000000   0.0000000000000000
in_inst:0_usecol:1_direct_idx0:36.0                      1.605183172479425    1.000000000000000   0.0000000000000000
out_inst:0_usecol:2_direct_idx0:36.0                      0.1654148082540105   -1.000000000000000   0.0000000000000000
in_inst:0_usecol:1_direct_idx0:37.0                      0.3808577725681430    1.000000000000000   0.0000000000000000
out_inst:0_usecol:2_direct_idx0:37.0                      0.1647243593539529   -1.000000000000000   0.0000000000000000
in_inst:0_usecol:1_direct_idx0:38.0                      0.3799866218038891    1.000000000000000   0.0000000000000000
out_inst:0_usecol:2_direct_idx0:38.0                      0.1728841352782262   -1.000000000000000   0.0000000000000000
in_inst:0_usecol:1_direct_idx0:39.0                      0.3531819552085863    1.000000000000000   0.0000000000000000
out_inst:0_usecol:2_direct_idx0:39.0                      0.1862346976022227   -1.000000000000000   0.0000000000000000
in_inst:0_usecol:1_direct_idx0:40.0                      0.3664091124388900    1.000000000000000   0.0000000000000000
out_inst:0_usecol:2_direct_idx0:40.0                      0.2015774160818354   -1.000000000000000   0.0000000000000000
in_inst:0_usecol:1_direct_idx0:41.0                      0.4542002377599939    1.000000000000000   0.0000000000000000
out_inst:0_usecol:2_direct_idx0:41.0                      0.2220722347243041   -1.000000000000000   0.0000000000000000
in_inst:0_usecol:1_direct_idx0:42.0                      0.5134982087593666    1.000000000000000   0.0000000000000000
out_inst:0_usecol:2_direct_idx0:42.0                      0.2431572199743393   -1.000000000000000   0.0000000000000000
in_inst:0_usecol:1_direct_idx0:43.0                      0.6172376978481204    1.000000000000000   0.0000000000000000
out_inst:0_usecol:2_direct_idx0:43.0                      0.2762670917227708   -1.000000000000000   0.0000000000000000
in_inst:0_usecol:1_direct_idx0:44.0                      0.3735873808403892    1.000000000000000   0.0000000000000000
out_inst:0_usecol:2_direct_idx0:44.0                      0.3137370672877752   -1.000000000000000   0.0000000000000000
in_inst:0_usecol:1_direct_idx0:45.0                      0.3407119859170088    1.000000000000000   0.0000000000000000
out_inst:0_usecol:2_direct_idx0:45.0                      0.3447730583692857   -1.000000000000000   0.0000000000000000
in_inst:0_usecol:1_direct_idx0:46.0                      0.3674297089759433    1.000000000000000   0.0000000000000000
out_inst:0_usecol:2_direct_idx0:46.0                      0.3734405604470268   -1.000000000000000   0.0000000000000000
in_inst:0_usecol:1_direct_idx0:47.0                      0.3787981970120002    1.000000000000000   0.0000000000000000
out_inst:0_usecol:2_direct_idx0:47.0                      0.3992865068816893   -1.000000000000000   0.0000000000000000
in_inst:0_usecol:1_direct_idx0:48.0                      0.3610633291341960    1.000000000000000   0.0000000000000000
out_inst:0_usecol:2_direct_idx0:48.0                      0.4338650029526795   -1.000000000000000   0.0000000000000000
in_inst:0_usecol:1_direct_idx0:49.0                      0.2991600273539249    1.000000000000000   0.0000000000000000
out_inst:0_usecol:2_direct_idx0:49.0                      0.4706023810034741   -1.000000000000000   0.0000000000000000
in_inst:0_usecol:1_direct_idx0:50.0                      0.2685393881127520    1.000000000000000   0.0000000000000000
out_inst:0_usecol:2_direct_idx0:50.0                      0.4915350210144275   -1.000000000000000   0.0000000000000000
in_inst:0_usecol:1_direct_idx0:51.0                      0.2573153587335209    1.000000000000000   0.0000000000000000
out_inst:0_usecol:2_direct_idx0:51.0                      0.5137611546315074   -1.000000000000000   0.0000000000000000
in_inst:0_usecol:1_direct_idx0:52.0                      0.2276311195292149    1.000000000000000   0.0000000000000000
out_inst:0_usecol:2_direct_idx0:52.0                      0.5706168185243621   -1.000000000000000   0.0000000000000000
in_inst:0_usecol:1_direct_idx0:53.0                      0.2120648924452750    1.000000000000000   0.0000000000000000
out_inst:0_usecol:2_direct_idx0:53.0                      0.5757250818264068   -1.000000000000000   0.0000000000000000
in_inst:0_usecol:1_direct_idx0:54.0                      0.2356372088117725    1.000000000000000   0.0000000000000000
out_inst:0_usecol:2_direct_idx0:54.0                      0.5935140323607693   -1.000000000000000   0.0000000000000000
in_inst:0_usecol:1_direct_idx0:55.0                      0.2601062800013372    1.000000000000000   0.0000000000000000
out_inst:0_usecol:2_direct_idx0:55.0                      0.5977051069064696   -1.000000000000000   0.0000000000000000
in_inst:0_usecol:1_direct_idx0:56.0                      0.2764695751620059    1.000000000000000   0.0000000000000000
out_inst:0_usecol:2_direct_idx0:56.0                      0.6058595442351160   -1.000000000000000   0.0000000000000000
in_inst:0_usecol:1_direct_idx0:57.0                      0.2738759417611888    1.000000000000000   0.0000000000000000
out_inst:0_usecol:2_direct_idx0:57.0                      0.6289802485840872   -1.000000000000000   0.0000000000000000
in_inst:0_usecol:1_direct_idx0:58.0                      0.2819563622584993    1.000000000000000   0.0000000000000000
out_inst:0_usecol:2_direct_idx0:58.0                      0.6281901215626129   -1.000000000000000   0.0000000000000000
in_inst:0_usecol:1_direct_idx0:59.0                      0.3314916288350779    1.000000000000000   0.0000000000000000
out_inst:0_usecol:2_direct_idx0:59.0                      0.6304594249037517   -1.000000000000000   0.0000000000000000
in_inst:0_usecol:1_direct_idx0:60.0                      0.3427226892921760    1.000000000000000   0.0000000000000000
out_inst:0_usecol:2_direct_idx0:60.0                      0.6206682436639084   -1.000000000000000   0.0000000000000000
in_inst:0_usecol:1_direct_idx0:61.0                      0.2892455001234991    1.000000000000000   0.0000000000000000
out_inst:0_usecol:2_direct_idx0:61.0                      0.6509612063693601   -1.000000000000000   0.0000000000000000
in_inst:0_usecol:1_direct_idx0:62.0                      0.2692496893401147    1.000000000000000   0.0000000000000000
out_inst:0_usecol:2_direct_idx0:62.0                      0.6516662557301163   -1.000000000000000   0.0000000000000000
in_inst:0_usecol:1_direct_idx0:63.0                      0.4235346853794951    1.000000000000000   0.0000000000000000
out_inst:0_usecol:2_direct_idx0:63.0                      0.6139807664479210   -1.000000000000000   0.0000000000000000
in_inst:0_usecol:1_direct_idx0:64.0                      0.5768362636108386    1.000000000000000   0.0000000000000000
out_inst:0_usecol:2_direct_idx0:64.0                      0.6008846095173420   -1.000000000000000   0.0000000000000000
in_inst:0_usecol:1_direct_idx0:65.0                      0.6240848775210247    1.000000000000000   0.0000000000000000
out_inst:0_usecol:2_direct_idx0:65.0                      0.5973321713344425   -1.000000000000000   0.0000000000000000
in_inst:0_usecol:1_direct_idx0:66.0                      0.9551705659818870    1.000000000000000   0.0000000000000000
out_inst:0_usecol:2_direct_idx0:66.0                      0.5903448270386609   -1.000000000000000   0.0000000000000000
in_inst:0_usecol:1_direct_idx0:67.0                      0.9197520381706976    1.000000000000000   0.0000000000000000
out_inst:0_usecol:2_direct_idx0:67.0                      0.5856283333330488   -1.000000000000000   0.0000000000000000
in_inst:0_usecol:1_direct_idx0:68.0                      0.6522443923270161    1.000000000000000   0.0000000000000000
out_inst:0_usecol:2_direct_idx0:68.0                      0.5863955273320828   -1.000000000000000   0.0000000000000000
in_inst:0_usecol:1_direct_idx0:69.0                      0.5880682410262933    1.000000000000000   0.0000000000000000
out_inst:0_usecol:2_direct_idx0:69.0                      0.5850326611892768   -1.000000000000000   0.0000000000000000
in_inst:0_usecol:1_direct_idx0:70.0                      0.7197196190855454    1.000000000000000   0.0000000000000000
out_inst:0_usecol:2_direct_idx0:70.0                      0.5849662589469562   -1.000000000000000   0.0000000000000000
in_inst:0_usecol:1_direct_idx0:71.0                      0.4709739750962716    1.000000000000000   0.0000000000000000
out_inst:0_usecol:2_direct_idx0:71.0                      0.5876630983771608   -1.000000000000000   0.0000000000000000
in_inst:0_usecol:1_direct_idx0:72.0                      0.3562671775350927    1.000000000000000   0.0000000000000000
out_inst:0_usecol:2_direct_idx0:72.0                      0.5957959523649109   -1.000000000000000   0.0000000000000000
in_inst:0_usecol:1_direct_idx0:73.0                      0.3195048676153404    1.000000000000000   0.0000000000000000
out_inst:0_usecol:2_direct_idx0:73.0                      0.5924093300219654   -1.000000000000000   0.0000000000000000
in_inst:0_usecol:1_direct_idx0:74.0                      0.2883582934837229    1.000000000000000   0.0000000000000000
out_inst:0_usecol:2_direct_idx0:74.0                      0.5954750438688832   -1.000000000000000   0.0000000000000000
in_inst:0_usecol:1_direct_idx0:75.0                      0.2713994043882174    1.000000000000000   0.0000000000000000
out_inst:0_usecol:2_direct_idx0:75.0                      0.5972429330081623   -1.000000000000000   0.0000000000000000
in_inst:0_usecol:1_direct_idx0:76.0                      0.3041297382071462    1.000000000000000   0.0000000000000000
out_inst:0_usecol:2_direct_idx0:76.0                      0.6118311371090884   -1.000000000000000   0.0000000000000000
in_inst:0_usecol:1_direct_idx0:77.0                      0.5233785212863459    1.000000000000000   0.0000000000000000
out_inst:0_usecol:2_direct_idx0:77.0                      0.6714513123613244   -1.000000000000000   0.0000000000000000
in_inst:0_usecol:1_direct_idx0:78.0                      0.3108883352860380    1.000000000000000   0.0000000000000000
out_inst:0_usecol:2_direct_idx0:78.0                      0.8047223142403523   -1.000000000000000   0.0000000000000000
in_inst:0_usecol:1_direct_idx0:79.0                      0.4918918949986754    1.000000000000000   0.0000000000000000
out_inst:0_usecol:2_direct_idx0:79.0                      0.9976548112957192   -1.000000000000000   0.0000000000000000
in_inst:0_usecol:1_direct_idx0:80.0                      0.3508725283418329    1.000000000000000   0.0000000000000000
out_inst:0_usecol:2_direct_idx0:80.0                      0.8308411866760090   -1.000000000000000   0.0000000000000000
in_inst:0_usecol:1_direct_idx0:81.0                      0.2911460847591096    1.000000000000000   0.0000000000000000
out_inst:0_usecol:2_direct_idx0:81.0                      0.8369423036057938   -1.000000000000000   0.0000000000000000
in_inst:0_usecol:1_direct_idx0:82.0                      5.429144081523791    1.000000000000000   0.0000000000000000
out_inst:0_usecol:2_direct_idx0:82.0                      13.71073515546609   -1.000000000000000   0.0000000000000000
in_inst:0_usecol:1_direct_idx0:83.0                      5.329081827660168    1.000000000000000   0.0000000000000000
out_inst:0_usecol:2_direct_idx0:83.0                      7.509568585283342   -1.000000000000000   0.0000000000000000
in_inst:0_usecol:1_direct_idx0:84.0                      0.01055152533023909    1.000000000000000   0.0000000000000000
out_inst:0_usecol:2_direct_idx0:84.0                      6.141584964975351   -1.000000000000000   0.0000000000000000
in_inst:0_usecol:1_direct_idx0:85.0                      2.612732972676458    1.000000000000000   0.0000000000000000
out_inst:0_usecol:2_direct_idx0:85.0                      0.1945974438590768   -1.000000000000000   0.0000000000000000
in_inst:0_usecol:1_direct_idx0:86.0                      0.05973127587700688    1.000000000000000   0.0000000000000000
out_inst:0_usecol:2_direct_idx0:86.0                      3.142552461961050   -1.000000000000000   0.0000000000000000
in_inst:0_usecol:1_direct_idx0:87.0                      3.703720356900439    1.000000000000000   0.0000000000000000
out_inst:0_usecol:2_direct_idx0:87.0                      6.382275007132590   -1.000000000000000   0.0000000000000000
in_inst:0_usecol:1_direct_idx0:88.0                      0.7593925260816342    1.000000000000000   0.0000000000000000
out_inst:0_usecol:2_direct_idx0:88.0                      0.3549925675405605   -1.000000000000000   0.0000000000000000
tot_inst:0_usecol:1_direct                      0.1282351528827682    1.000000000000000   0.0000000000000000
p_inst:0_usecol:1_direct_idx0:boreholedepth[l]                      88.20999999999999    1.000000000000000   0.0000000000000000
p_inst:0_usecol:1_direct_idx0:spatialdiscretizationofgrid[l]                      1.000000000000000    1.000000000000000   0.0000000000000000
p_inst:0_usecol:1_direct_idx0:constantboreholecross-sectionalarea[l^2]                      0.01350000000000000    1.000000000000000   0.0000000000000000
p_inst:0_usecol:1_direct_idx0:dispersivity[l^-1]                      3.640381320798364    1.000000000000000   0.0000000000000000
p_inst:0_usecol:1_direct_idx0:diffusioncoefficient[l^2/t]                      1.000000000000000e-09    1.000000000000000   0.0000000000000000
p_inst:0_usecol:1_direct_idx0:tracerconcentrationofwaterinflow[m/l^3]                      0.0000000000000000    1.000000000000000   0.0000000000000000
p_inst:0_usecol:1_direct_idx0:watertemperature[celsius](onlyreadifaboveisfec)                      27.70000000000000    1.000000000000000   0.0000000000000000
p_inst:0_usecol:1_direct_idx0:alphamin                      0.2000000000000000    1.000000000000000   0.0000000000000000
p_inst:0_usecol:1_direct_idx0:alphamax                      0.6000000000000000    1.000000000000000   0.0000000000000000
p_inst:0_usecol:1_direct_idx0:flowmin                      1.000000000000000    1.000000000000000   0.0000000000000000
p_inst:0_usecol:1_direct_idx0:flowmax                      4.000000000000000    1.000000000000000   0.0000000000000000
