single point
in_inst:0_usecol:1_direct_idx0:29.0                      0.7674498831239986    1.000000000000000   0.0000000000000000
out_inst:0_usecol:2_direct_idx0:29.0                      0.2378841006444854   -1.000000000000000   0.0000000000000000
in_inst:0_usecol:1_direct_idx0:30.0                      13.95403993511478    1.000000000000000   0.0000000000000000
out_inst:0_usecol:2_direct_idx0:30.0                      0.1176797749577941   -1.000000000000000   0.0000000000000000
in_inst:0_usecol:1_direct_idx0:31.0                      0.4689228792020089    1.000000000000000   0.0000000000000000
out_inst:0_usecol:2_direct_idx0:31.0                      0.1182659540794896   -1.000000000000000   0.0000000000000000
in_inst:0_usecol:1_direct_idx0:32.0                      3.334383036705466    1.000000000000000   0.0000000000000000
out_inst:0_usecol:2_direct_idx0:32.0                      0.1226691273380561   -1.000000000000000   0.0000000000000000
in_inst:0_usecol:1_direct_idx0:33.0                      2.015655128674485    1.000000000000000   0.0000000000000000
out_inst:0_usecol:2_direct_idx0:33.0                      0.1237141692469026   -1.000000000000000   0.0000000000000000
in_inst:0_usecol:1_direct_idx0:34.0                      2.713514445741485    1.000000000000000   0.0000000000000000
out_inst:0_usecol:2_direct_idx0:34.0                      0.1304014723614631   -1.000000000000000   0.0000000000000000
in_inst:0_usecol:1_direct_idx0:35.0                      2.499709870572810    1.000000000000000   0.0000000000000000
out_inst:0_usecol:2_direct_idx0:35.0                      0.1392566372788359   -1.000000000000000   0.0000000000000000
in_inst:0_usecol:1_direct_idx0:36.0                      1.872417768629843    1.000000000000000   0.0000000000000000
out_inst:0_usecol:2_direct_idx0:36.0                      0.1474822002994874   -1.000000000000000   0.0000000000000000
in_inst:0_usecol:1_direct_idx0:37.0                      0.3562691135399310    1.000000000000000   0.0000000000000000
out_inst:0_usecol:2_direct_idx0:37.0                      0.1464498803924845   -1.000000000000000   0.0000000000000000
in_inst:0_usecol:1_direct_idx0:38.0                      0.3684632466230451    1.000000000000000   0.0000000000000000
out_inst:0_usecol:2_direct_idx0:38.0                      0.1524589054545424   -1.000000000000000   0.0000000000000000
in_inst:0_usecol:1_direct_idx0:39.0                      0.3537464776278007    1.000000000000000   0.0000000000000000
out_inst:0_usecol:2_direct_idx0:39.0                      0.1625155870276672   -1.000000000000000   0.0000000000000000
in_inst:0_usecol:1_direct_idx0:40.0                      0.3834576053317595    1.000000000000000   0.0000000000000000
out_inst:0_usecol:2_direct_idx0:40.0                      0.1741577888347947   -1.000000000000000   0.0000000000000000
in_inst:0_usecol:1_direct_idx0:41.0                      0.5239595841376998    1.000000000000000   0.0000000000000000
out_inst:0_usecol:2_direct_idx0:41.0                      0.1895322905296023   -1.000000000000000   0.0000000000000000
in_inst:0_usecol:1_direct_idx0:42.0                      0.6307729038910995    1.000000000000000   0.0000000000000000
out_inst:0_usecol:2_direct_idx0:42.0                      0.2053754767109061   -1.000000000000000   0.0000000000000000
in_inst:0_usecol:1_direct_idx0:43.0                      0.8294254587095162    1.000000000000000   0.0000000000000000
out_inst:0_usecol:2_direct_idx0:43.0                      0.2294677196346723   -1.000000000000000   0.0000000000000000
in_inst:0_usecol:1_direct_idx0:44.0                      0.3933171211377015    1.000000000000000   0.0000000000000000
out_inst:0_usecol:2_direct_idx0:44.0                      0.2559132361263734   -1.000000000000000   0.0000000000000000
in_inst:0_usecol:1_direct_idx0:45.0                      0.3591637816277000    1.000000000000000   0.0000000000000000
out_inst:0_usecol:2_direct_idx0:45.0                      0.2774359161359996   -1.000000000000000   0.0000000000000000
in_inst:0_usecol:1_direct_idx0:46.0                      0.4059264022435820    1.000000000000000   0.0000000000000000
out_inst:0_usecol:2_direct_idx0:46.0                      0.2969659441392947   -1.000000000000000   0.0000000000000000
in_inst:0_usecol:1_direct_idx0:47.0                      0.4363780981157483    1.000000000000000   0.0000000000000000
out_inst:0_usecol:2_direct_idx0:47.0                      0.3144742824510631   -1.000000000000000   0.0000000000000000
in_inst:0_usecol:1_direct_idx0:48.0                      0.4108704757497713    1.000000000000000   0.0000000000000000
out_inst:0_usecol:2_direct_idx0:48.0                      0.3370287227765290   -1.000000000000000   0.0000000000000000
in_inst:0_usecol:1_direct_idx0:49.0                      0.3244926940960217    1.000000000000000   0.0000000000000000
out_inst:0_usecol:2_direct_idx0:49.0                      0.3602163198415009   -1.000000000000000   0.0000000000000000
in_inst:0_usecol:1_direct_idx0:50.0                      0.2815414838655669    1.000000000000000   0.0000000000000000
out_inst:0_usecol:2_direct_idx0:50.0                      0.3737525179129535   -1.000000000000000   0.0000000000000000
in_inst:0_usecol:1_direct_idx0:51.0                      0.2632812914322261    1.000000000000000   0.0000000000000000
out_inst:0_usecol:2_direct_idx0:51.0                      0.3879610260439333   -1.000000000000000   0.0000000000000000
in_inst:0_usecol:1_direct_idx0:52.0                      0.2293369569345813    1.000000000000000   0.0000000000000000
out_inst:0_usecol:2_direct_idx0:52.0                      0.4207986824485981   -1.000000000000000   0.0000000000000000
in_inst:0_usecol:1_direct_idx0:53.0                      0.2148196831664213    1.000000000000000   0.0000000000000000
out_inst:0_usecol:2_direct_idx0:53.0                      0.4248050083481865   -1.000000000000000   0.0000000000000000
in_inst:0_usecol:1_direct_idx0:54.0                      0.2463000430768668    1.000000000000000   0.0000000000000000
out_inst:0_usecol:2_direct_idx0:54.0                      0.4350384110561338   -1.000000000000000   0.0000000000000000
in_inst:0_usecol:1_direct_idx0:55.0                      0.2859618768878705    1.000000000000000   0.0000000000000000
out_inst:0_usecol:2_direct_idx0:55.0                      0.4378774170299742   -1.000000000000000   0.0000000000000000
in_inst:0_usecol:1_direct_idx0:56.0                      0.3138743316832157    1.000000000000000   0.0000000000000000
out_inst:0_usecol:2_direct_idx0:56.0                      0.4428147827943660   -1.000000000000000   0.0000000000000000
in_inst:0_usecol:1_direct_idx0:57.0                      0.3169066454683176    1.000000000000000   0.0000000000000000
out_inst:0_usecol:2_direct_idx0:57.0                      0.4554731586228646   -1.000000000000000   0.0000000000000000
in_inst:0_usecol:1_direct_idx0:58.0                      0.3275178213985885    1.000000000000000   0.0000000000000000
out_inst:0_usecol:2_direct_idx0:58.0                      0.4553903266153882   -1.000000000000000   0.0000000000000000
in_inst:0_usecol:1_direct_idx0:59.0                      0.3990989384692346    1.000000000000000   0.0000000000000000
out_inst:0_usecol:2_direct_idx0:59.0                      0.4566102947400659   -1.000000000000000   0.0000000000000000
in_inst:0_usecol:1_direct_idx0:60.0                      0.3961701922046367    1.000000000000000   0.0000000000000000
out_inst:0_usecol:2_direct_idx0:60.0                      0.4516444588437413   -1.000000000000000   0.0000000000000000
in_inst:0_usecol:1_direct_idx0:61.0                      0.3133693103077155    1.000000000000000   0.0000000000000000
out_inst:0_usecol:2_direct_idx0:61.0                      0.4673415951822960   -1.000000000000000   0.0000000000000000
in_inst:0_usecol:1_direct_idx0:62.0                      0.2822670258871093    1.000000000000000   0.0000000000000000
out_inst:0_usecol:2_direct_idx0:62.0                      0.4671255728932820   -1.000000000000000   0.0000000000000000
in_inst:0_usecol:1_direct_idx0:63.0                      0.4572284707736385    1.000000000000000   0.0000000000000000
out_inst:0_usecol:2_direct_idx0:63.0                      0.4468293885824186   -1.000000000000000   0.0000000000000000
in_inst:0_usecol:1_direct_idx0:64.0                      0.6406741306753636    1.000000000000000   0.0000000000000000
out_inst:0_usecol:2_direct_idx0:64.0                      0.4393439895785710   -1.000000000000000   0.0000000000000000
in_inst:0_usecol:1_direct_idx0:65.0                      0.7058313993506471    1.000000000000000   0.0000000000000000
out_inst:0_usecol:2_direct_idx0:65.0                      0.4371566515913360   -1.000000000000000   0.0000000000000000
in_inst:0_usecol:1_direct_idx0:66.0                      0.9827646163982899    1.000000000000000   0.0000000000000000
out_inst:0_usecol:2_direct_idx0:66.0                      0.4333884992449130   -1.000000000000000   0.0000000000000000
in_inst:0_usecol:1_direct_idx0:67.0                      1.002180779955937    1.000000000000000   0.0000000000000000
out_inst:0_usecol:2_direct_idx0:67.0                      0.4309753452995543   -1.000000000000000   0.0000000000000000
in_inst:0_usecol:1_direct_idx0:68.0                      0.7479125482024802    1.000000000000000   0.0000000000000000
out_inst:0_usecol:2_direct_idx0:68.0                      0.4311674711709085   -1.000000000000000   0.0000000000000000
in_inst:0_usecol:1_direct_idx0:69.0                      0.6087198695221515    1.000000000000000   0.0000000000000000
out_inst:0_usecol:2_direct_idx0:69.0                      0.4302447111922455   -1.000000000000000   0.0000000000000000
in_inst:0_usecol:1_direct_idx0:70.0                      0.6545140239164681    1.000000000000000   0.0000000000000000
out_inst:0_usecol:2_direct_idx0:70.0                      0.4299810882982175   -1.000000000000000   0.0000000000000000
in_inst:0_usecol:1_direct_idx0:71.0                      0.3998810604071240    1.000000000000000   0.0000000000000000
out_inst:0_usecol:2_direct_idx0:71.0                      0.4307528155036986   -1.000000000000000   0.0000000000000000
in_inst:0_usecol:1_direct_idx0:72.0                      0.2875395636466317    1.000000000000000   0.0000000000000000
out_inst:0_usecol:2_direct_idx0:72.0                      0.4341575254840552   -1.000000000000000   0.0000000000000000
in_inst:0_usecol:1_direct_idx0:73.0                      0.2287698138942376    1.000000000000000   0.0000000000000000
out_inst:0_usecol:2_direct_idx0:73.0                      0.4321034212515998   -1.000000000000000   0.0000000000000000
in_inst:0_usecol:1_direct_idx0:74.0                      0.1942936619003289    1.000000000000000   0.0000000000000000
out_inst:0_usecol:2_direct_idx0:74.0                      0.4335306779623146   -1.000000000000000   0.0000000000000000
in_inst:0_usecol:1_direct_idx0:75.0                      0.1786099506961996    1.000000000000000   0.0000000000000000
out_inst:0_usecol:2_direct_idx0:75.0                      0.4352800716803919   -1.000000000000000   0.0000000000000000
in_inst:0_usecol:1_direct_idx0:76.0                      0.1910755014217311    1.000000000000000   0.0000000000000000
out_inst:0_usecol:2_direct_idx0:76.0                      0.4463315626083632   -1.000000000000000   0.0000000000000000
in_inst:0_usecol:1_direct_idx0:77.0                      0.2615623528204101    1.000000000000000   0.0000000000000000
out_inst:0_usecol:2_direct_idx0:77.0                      0.4862328522312019   -1.000000000000000   0.0000000000000000
in_inst:0_usecol:1_direct_idx0:78.0                      0.1896608440327116    1.000000000000000   0.0000000000000000
out_inst:0_usecol:2_direct_idx0:78.0                      0.5779930621910966   -1.000000000000000   0.0000000000000000
in_inst:0_usecol:1_direct_idx0:79.0                      0.3078239378888174    1.000000000000000   0.0000000000000000
out_inst:0_usecol:2_direct_idx0:79.0                      0.7171749499917616   -1.000000000000000   0.0000000000000000
in_inst:0_usecol:1_direct_idx0:80.0                      0.2786218395395647    1.000000000000000   0.0000000000000000
out_inst:0_usecol:2_direct_idx0:80.0                      0.6796539768990844   -1.000000000000000   0.0000000000000000
in_inst:0_usecol:1_direct_idx0:81.0                      0.2575408880146480    1.000000000000000   0.0000000000000000
out_inst:0_usecol:2_direct_idx0:81.0                      0.7742479738478065   -1.000000000000000   0.0000000000000000
in_inst:0_usecol:1_direct_idx0:82.0                      6.448285014780779    1.000000000000000   0.0000000000000000
out_inst:0_usecol:2_direct_idx0:82.0                      17.28271288326727   -1.000000000000000   0.0000000000000000
in_inst:0_usecol:1_direct_idx0:83.0                      26.71052902279792    1.000000000000000   0.0000000000000000
out_inst:0_usecol:2_direct_idx0:83.0                      1191.024090115554   -1.000000000000000   0.0000000000000000
in_inst:0_usecol:1_direct_idx0:84.0                      0.006560382603232332    1.000000000000000   0.0000000000000000
out_inst:0_usecol:2_direct_idx0:84.0                      34.34213920275634   -1.000000000000000   0.0000000000000000
in_inst:0_usecol:1_direct_idx0:85.0                      1.671609772461823    1.000000000000000   0.0000000000000000
out_inst:0_usecol:2_direct_idx0:85.0                      0.1739616681979499   -1.000000000000000   0.0000000000000000
in_inst:0_usecol:1_direct_idx0:86.0                      0.04570759152041902    1.000000000000000   0.0000000000000000
out_inst:0_usecol:2_direct_idx0:86.0                      26.91773690955173   -1.000000000000000   0.0000000000000000
in_inst:0_usecol:1_direct_idx0:87.0                      2.816529407674034    1.000000000000000   0.0000000000000000
out_inst:0_usecol:2_direct_idx0:87.0                      80.18637917432723   -1.000000000000000   0.0000000000000000
in_inst:0_usecol:1_direct_idx0:88.0                      0.4446369687282944    1.000000000000000   0.0000000000000000
out_inst:0_usecol:2_direct_idx0:88.0                      0.3998669888313338   -1.000000000000000   0.0000000000000000
tot_inst:0_usecol:1_direct                      0.1667865883855107    1.000000000000000   0.0000000000000000
p_inst:0_usecol:1_direct_idx0:boreholedepth[l]                      88.20999999999999    1.000000000000000   0.0000000000000000
p_inst:0_usecol:1_direct_idx0:spatialdiscretizationofgrid[l]                      1.000000000000000    1.000000000000000   0.0000000000000000
p_inst:0_usecol:1_direct_idx0:constantboreholecross-sectionalarea[l^2]                      0.01350000000000000    1.000000000000000   0.0000000000000000
p_inst:0_usecol:1_direct_idx0:dispersivity[l^-1]                      2.476325274614823    1.000000000000000   0.0000000000000000
p_inst:0_usecol:1_direct_idx0:diffusioncoefficient[l^2/t]                      1.000000000000000e-09    1.000000000000000   0.0000000000000000
p_inst:0_usecol:1_direct_idx0:tracerconcentrationofwaterinflow[m/l^3]                      0.0000000000000000    1.000000000000000   0.0000000000000000
p_inst:0_usecol:1_direct_idx0:watertemperature[celsius](onlyreadifaboveisfec)                      27.70000000000000    1.000000000000000   0.0000000000000000
p_inst:0_usecol:1_direct_idx0:alphamin                      0.2000000000000000    1.000000000000000   0.0000000000000000
p_inst:0_usecol:1_direct_idx0:alphamax                      0.6000000000000000    1.000000000000000   0.0000000000000000
p_inst:0_usecol:1_direct_idx0:flowmin                      1.000000000000000    1.000000000000000   0.0000000000000000
p_inst:0_usecol:1_direct_idx0:flowmax                      4.000000000000000    1.000000000000000   0.0000000000000000
