single point
in_inst:0_usecol:1_direct_idx0:29.0                      1.108910807316210    1.000000000000000   0.0000000000000000
out_inst:0_usecol:2_direct_idx0:29.0                      0.2364142041030727   -1.000000000000000   0.0000000000000000
in_inst:0_usecol:1_direct_idx0:30.0                      15.33967052900912    1.000000000000000   0.0000000000000000
out_inst:0_usecol:2_direct_idx0:30.0                      0.1214605786214175   -1.000000000000000   0.0000000000000000
in_inst:0_usecol:1_direct_idx0:31.0                      0.7481146456534296    1.000000000000000   0.0000000000000000
out_inst:0_usecol:2_direct_idx0:31.0                      0.1236156585942218   -1.000000000000000   0.0000000000000000
in_inst:0_usecol:1_direct_idx0:32.0                      3.749431851787987    1.000000000000000   0.0000000000000000
out_inst:0_usecol:2_direct_idx0:32.0                      0.1289817317836390   -1.000000000000000   0.0000000000000000
in_inst:0_usecol:1_direct_idx0:33.0                      1.587268014775937    1.000000000000000   0.0000000000000000
out_inst:0_usecol:2_direct_idx0:33.0                      0.1301791936586824   -1.000000000000000   0.0000000000000000
in_inst:0_usecol:1_direct_idx0:34.0                      2.260498064130053    1.000000000000000   0.0000000000000000
out_inst:0_usecol:2_direct_idx0:34.0                      0.1377804485947261   -1.000000000000000   0.0000000000000000
in_inst:0_usecol:1_direct_idx0:35.0                      2.519562085189611    1.000000000000000   0.0000000000000000
out_inst:0_usecol:2_direct_idx0:35.0                      0.1479200506016580   -1.000000000000000   0.0000000000000000
in_inst:0_usecol:1_direct_idx0:36.0                      1.732882313000118    1.000000000000000   0.0000000000000000
out_inst:0_usecol:2_direct_idx0:36.0                      0.1575643232217744   -1.000000000000000   0.0000000000000000
in_inst:0_usecol:1_direct_idx0:37.0                      0.3753309863948723    1.000000000000000   0.0000000000000000
out_inst:0_usecol:2_direct_idx0:37.0                      0.1566812754632894   -1.000000000000000   0.0000000000000000
in_inst:0_usecol:1_direct_idx0:38.0                      0.3737848081103727    1.000000000000000   0.0000000000000000
out_inst:0_usecol:2_direct_idx0:38.0                      0.1638895787086722   -1.000000000000000   0.0000000000000000
in_inst:0_usecol:1_direct_idx0:39.0                      0.3484947171167717    1.000000000000000   0.0000000000000000
out_inst:0_usecol:2_direct_idx0:39.0                      0.1758206126951830   -1.000000000000000   0.0000000000000000
in_inst:0_usecol:1_direct_idx0:40.0                      0.3637411541447045    1.000000000000000   0.0000000000000000
out_inst:0_usecol:2_direct_idx0:40.0                      0.1896214129134338   -1.000000000000000   0.0000000000000000
in_inst:0_usecol:1_direct_idx0:41.0                      0.4592379408145222    1.000000000000000   0.0000000000000000
out_inst:0_usecol:2_direct_idx0:41.0                      0.2080104339925093   -1.000000000000000   0.0000000000000000
in_inst:0_usecol:1_direct_idx0:42.0                      0.5314986118122336    1.000000000000000   0.0000000000000000
out_inst:0_usecol:2_direct_idx0:42.0                      0.2270289116952702   -1.000000000000000   0.0000000000000000
in_inst:0_usecol:1_direct_idx0:43.0                      0.6611626724860783    1.000000000000000   0.0000000000000000
out_inst:0_usecol:2_direct_idx0:43.0                      0.2565076449265827   -1.000000000000000   0.0000000000000000
in_inst:0_usecol:1_direct_idx0:44.0                      0.3817969728500968    1.000000000000000   0.0000000000000000
out_inst:0_usecol:2_direct_idx0:44.0                      0.2895765528860997   -1.000000000000000   0.0000000000000000
in_inst:0_usecol:1_direct_idx0:45.0                      0.3473021103671630    1.000000000000000   0.0000000000000000
out_inst:0_usecol:2_direct_idx0:45.0                      0.3169149514811008   -1.000000000000000   0.0000000000000000
in_inst:0_usecol:1_direct_idx0:46.0                      0.3778115574943829    1.000000000000000   0.0000000000000000
out_inst:0_usecol:2_direct_idx0:46.0                      0.3420948848734480   -1.000000000000000   0.0000000000000000
in_inst:0_usecol:1_direct_idx0:47.0                      0.3927638637605548    1.000000000000000   0.0000000000000000
out_inst:0_usecol:2_direct_idx0:47.0                      0.3648597639397025   -1.000000000000000   0.0000000000000000
in_inst:0_usecol:1_direct_idx0:48.0                      0.3735750893476480    1.000000000000000   0.0000000000000000
out_inst:0_usecol:2_direct_idx0:48.0                      0.3948522156551804   -1.000000000000000   0.0000000000000000
in_inst:0_usecol:1_direct_idx0:49.0                      0.3058562704696050    1.000000000000000   0.0000000000000000
out_inst:0_usecol:2_direct_idx0:49.0                      0.4263755835855273   -1.000000000000000   0.0000000000000000
in_inst:0_usecol:1_direct_idx0:50.0                      0.2719807137498186    1.000000000000000   0.0000000000000000
out_inst:0_usecol:2_direct_idx0:50.0                      0.4447011275126211   -1.000000000000000   0.0000000000000000
in_inst:0_usecol:1_direct_idx0:51.0                      0.2590144506534325    1.000000000000000   0.0000000000000000
out_inst:0_usecol:2_direct_idx0:51.0                      0.4640923157177177   -1.000000000000000   0.0000000000000000
in_inst:0_usecol:1_direct_idx0:52.0                      0.2283996835240301    1.000000000000000   0.0000000000000000
out_inst:0_usecol:2_direct_idx0:52.0                      0.5113513499182916   -1.000000000000000   0.0000000000000000
in_inst:0_usecol:1_direct_idx0:53.0                      0.2129666879352888    1.000000000000000   0.0000000000000000
out_inst:0_usecol:2_direct_idx0:53.0                      0.5164497578356192   -1.000000000000000   0.0000000000000000
in_inst:0_usecol:1_direct_idx0:54.0                      0.2381570744401281    1.000000000000000   0.0000000000000000
out_inst:0_usecol:2_direct_idx0:54.0                      0.5313511711942572   -1.000000000000000   0.0000000000000000
in_inst:0_usecol:1_direct_idx0:55.0                      0.2656743299107500    1.000000000000000   0.0000000000000000
out_inst:0_usecol:2_direct_idx0:55.0                      0.5352124766678628   -1.000000000000000   0.0000000000000000
in_inst:0_usecol:1_direct_idx0:56.0                      0.2846909247733407    1.000000000000000   0.0000000000000000
out_inst:0_usecol:2_direct_idx0:56.0                      0.5422290374832540   -1.000000000000000   0.0000000000000000
in_inst:0_usecol:1_direct_idx0:57.0                      0.2836752779333940    1.000000000000000   0.0000000000000000
out_inst:0_usecol:2_direct_idx0:57.0                      0.5611264313907236   -1.000000000000000   0.0000000000000000
in_inst:0_usecol:1_direct_idx0:58.0                      0.2929867971589857    1.000000000000000   0.0000000000000000
out_inst:0_usecol:2_direct_idx0:58.0                      0.5606948467075892   -1.000000000000000   0.0000000000000000
in_inst:0_usecol:1_direct_idx0:59.0                      0.3481314643178940    1.000000000000000   0.0000000000000000
out_inst:0_usecol:2_direct_idx0:59.0                      0.5624804598422423   -1.000000000000000   0.0000000000000000
in_inst:0_usecol:1_direct_idx0:60.0                      0.3578437629565382    1.000000000000000   0.0000000000000000
out_inst:0_usecol:2_direct_idx0:60.0                      0.5546754280819250   -1.000000000000000   0.0000000000000000
in_inst:0_usecol:1_direct_idx0:61.0                      0.2977448969319748    1.000000000000000   0.0000000000000000
out_inst:0_usecol:2_direct_idx0:61.0                      0.5787378414554574   -1.000000000000000   0.0000000000000000
in_inst:0_usecol:1_direct_idx0:62.0                      0.2754643572187768    1.000000000000000   0.0000000000000000
out_inst:0_usecol:2_direct_idx0:62.0                      0.5787229619143008   -1.000000000000000   0.0000000000000000
in_inst:0_usecol:1_direct_idx0:63.0                      0.4413700086740849    1.000000000000000   0.0000000000000000
out_inst:0_usecol:2_direct_idx0:63.0                      0.5480169938753540   -1.000000000000000   0.0000000000000000
in_inst:0_usecol:1_direct_idx0:64.0                      0.6127182626604949    1.000000000000000   0.0000000000000000
out_inst:0_usecol:2_direct_idx0:64.0                      0.5369602398161170   -1.000000000000000   0.0000000000000000
in_inst:0_usecol:1_direct_idx0:65.0                      0.6663756415245110    1.000000000000000   0.0000000000000000
out_inst:0_usecol:2_direct_idx0:65.0                      0.5337463144004765   -1.000000000000000   0.0000000000000000
in_inst:0_usecol:1_direct_idx0:66.0                      1.010611011892233    1.000000000000000   0.0000000000000000
out_inst:0_usecol:2_direct_idx0:66.0                      0.5280056062347581   -1.000000000000000   0.0000000000000000
in_inst:0_usecol:1_direct_idx0:67.0                      0.9694922174279764    1.000000000000000   0.0000000000000000
out_inst:0_usecol:2_direct_idx0:67.0                      0.5242066510799575   -1.000000000000000   0.0000000000000000
in_inst:0_usecol:1_direct_idx0:68.0                      0.6776532405530948    1.000000000000000   0.0000000000000000
out_inst:0_usecol:2_direct_idx0:68.0                      0.5246356978580836   -1.000000000000000   0.0000000000000000
in_inst:0_usecol:1_direct_idx0:69.0                      0.5855908029842460    1.000000000000000   0.0000000000000000
out_inst:0_usecol:2_direct_idx0:69.0                      0.5234332803868956   -1.000000000000000   0.0000000000000000
in_inst:0_usecol:1_direct_idx0:70.0                      0.6740318012334876    1.000000000000000   0.0000000000000000
out_inst:0_usecol:2_direct_idx0:70.0                      0.5232739709009711   -1.000000000000000   0.0000000000000000
in_inst:0_usecol:1_direct_idx0:71.0                      0.4337845593103775    1.000000000000000   0.0000000000000000
out_inst:0_usecol:2_direct_idx0:71.0                      0.5250043116172146   -1.000000000000000   0.0000000000000000
in_inst:0_usecol:1_direct_idx0:72.0                      0.3249680343539206    1.000000000000000   0.0000000000000000
out_inst:0_usecol:2_direct_idx0:72.0                      0.5309170277448229   -1.000000000000000   0.0000000000000000
in_inst:0_usecol:1_direct_idx0:73.0                      0.2818443578306247    1.000000000000000   0.0000000000000000
out_inst:0_usecol:2_direct_idx0:73.0                      0.5280900204671106   -1.000000000000000   0.0000000000000000
in_inst:0_usecol:1_direct_idx0:74.0                      0.2496843698750144    1.000000000000000   0.0000000000000000
out_inst:0_usecol:2_direct_idx0:74.0                      0.5305411664495280   -1.000000000000000   0.0000000000000000
in_inst:0_usecol:1_direct_idx0:75.0                      0.2324177662882123    1.000000000000000   0.0000000000000000
out_inst:0_usecol:2_direct_idx0:75.0                      0.5327853417087423   -1.000000000000000   0.0000000000000000
in_inst:0_usecol:1_direct_idx0:76.0                      0.2526390788087293    1.000000000000000   0.0000000000000000
out_inst:0_usecol:2_direct_idx0:76.0                      0.5473888223740679   -1.000000000000000   0.0000000000000000
in_inst:0_usecol:1_direct_idx0:77.0                      0.3762954833551981    1.000000000000000   0.0000000000000000
out_inst:0_usecol:2_direct_idx0:77.0                      0.6027815722289770   -1.000000000000000   0.0000000000000000
in_inst:0_usecol:1_direct_idx0:78.0                      0.2475520650543223    1.000000000000000   0.0000000000000000
out_inst:0_usecol:2_direct_idx0:78.0                      0.7309397612449573   -1.000000000000000   0.0000000000000000
in_inst:0_usecol:1_direct_idx0:79.0                      0.3646037198049191    1.000000000000000   0.0000000000000000
out_inst:0_usecol:2_direct_idx0:79.0                      0.9275037905961842   -1.000000000000000   0.0000000000000000
in_inst:0_usecol:1_direct_idx0:80.0                      0.2944863689608041    1.000000000000000   0.0000000000000000
out_inst:0_usecol:2_direct_idx0:80.0                      0.8139979596704294   -1.000000000000000   0.0000000000000000
in_inst:0_usecol:1_direct_idx0:81.0                      0.2672593213520758    1.000000000000000   0.0000000000000000
out_inst:0_usecol:2_direct_idx0:81.0                      0.8647562559522305   -1.000000000000000   0.0000000000000000
in_inst:0_usecol:1_direct_idx0:82.0                      10.05301347440223    1.000000000000000   0.0000000000000000
out_inst:0_usecol:2_direct_idx0:82.0                      48.42124104235891   -1.000000000000000   0.0000000000000000
in_inst:0_usecol:1_direct_idx0:83.0                      9.711268668515862    1.000000000000000   0.0000000000000000
out_inst:0_usecol:2_direct_idx0:83.0                      42.38242344358236   -1.000000000000000   0.0000000000000000
in_inst:0_usecol:1_direct_idx0:84.0                      0.01011276698931471    1.000000000000000   0.0000000000000000
out_inst:0_usecol:2_direct_idx0:84.0                      9.235984868841426   -1.000000000000000   0.0000000000000000
in_inst:0_usecol:1_direct_idx0:85.0                      2.248434779105286    1.000000000000000   0.0000000000000000
out_inst:0_usecol:2_direct_idx0:85.0                      0.1885296226196001   -1.000000000000000   0.0000000000000000
in_inst:0_usecol:1_direct_idx0:86.0                      0.05842152317478239    1.000000000000000   0.0000000000000000
out_inst:0_usecol:2_direct_idx0:86.0                      5.374386826003033   -1.000000000000000   0.0000000000000000
in_inst:0_usecol:1_direct_idx0:87.0                      3.834330570090315    1.000000000000000   0.0000000000000000
out_inst:0_usecol:2_direct_idx0:87.0                      13.08944814196077   -1.000000000000000   0.0000000000000000
in_inst:0_usecol:1_direct_idx0:88.0                      0.6306991478062910    1.000000000000000   0.0000000000000000
out_inst:0_usecol:2_direct_idx0:88.0                      0.3786407012593463   -1.000000000000000   0.0000000000000000
tot_inst:0_usecol:1_direct                      0.1432919964964532    1.000000000000000   0.0000000000000000
p_inst:0_usecol:1_direct_idx0:boreholedepth[l]                      88.20999999999999    1.000000000000000   0.0000000000000000
p_inst:0_usecol:1_direct_idx0:spatialdiscretizationofgrid[l]                      1.000000000000000    1.000000000000000   0.0000000000000000
p_inst:0_usecol:1_direct_idx0:constantboreholecross-sectionalarea[l^2]                      0.01350000000000000    1.000000000000000   0.0000000000000000
p_inst:0_usecol:1_direct_idx0:dispersivity[l^-1]                      3.224665344427112    1.000000000000000   0.0000000000000000
p_inst:0_usecol:1_direct_idx0:diffusioncoefficient[l^2/t]                      1.000000000000000e-09    1.000000000000000   0.0000000000000000
p_inst:0_usecol:1_direct_idx0:tracerconcentrationofwaterinflow[m/l^3]                      0.0000000000000000    1.000000000000000   0.0000000000000000
p_inst:0_usecol:1_direct_idx0:watertemperature[celsius](onlyreadifaboveisfec)                      27.70000000000000    1.000000000000000   0.0000000000000000
p_inst:0_usecol:1_direct_idx0:alphamin                      0.2000000000000000    1.000000000000000   0.0000000000000000
p_inst:0_usecol:1_direct_idx0:alphamax                      0.6000000000000000    1.000000000000000   0.0000000000000000
p_inst:0_usecol:1_direct_idx0:flowmin                      1.000000000000000    1.000000000000000   0.0000000000000000
p_inst:0_usecol:1_direct_idx0:flowmax                      4.000000000000000    1.000000000000000   0.0000000000000000
