single point
in_inst:0_usecol:1_direct_idx0:29.0                      1.444705955744885    1.000000000000000   0.0000000000000000
out_inst:0_usecol:2_direct_idx0:29.0                      0.2430510794767237   -1.000000000000000   0.0000000000000000
in_inst:0_usecol:1_direct_idx0:30.0                      14.51554837533352    1.000000000000000   0.0000000000000000
out_inst:0_usecol:2_direct_idx0:30.0                      0.1299812955390262   -1.000000000000000   0.0000000000000000
in_inst:0_usecol:1_direct_idx0:31.0                      0.8718313682788467    1.000000000000000   0.0000000000000000
out_inst:0_usecol:2_direct_idx0:31.0                      0.1369580033196948   -1.000000000000000   0.0000000000000000
in_inst:0_usecol:1_direct_idx0:32.0                      3.204365753408086    1.000000000000000   0.0000000000000000
out_inst:0_usecol:2_direct_idx0:32.0                      0.1445367258535897   -1.000000000000000   0.0000000000000000
in_inst:0_usecol:1_direct_idx0:33.0                      1.920730056086695    1.000000000000000   0.0000000000000000
out_inst:0_usecol:2_direct_idx0:33.0                      0.1461536208430110   -1.000000000000000   0.0000000000000000
in_inst:0_usecol:1_direct_idx0:34.0                      2.293163822033837    1.000000000000000   0.0000000000000000
out_inst:0_usecol:2_direct_idx0:34.0                      0.1548317129796554   -1.000000000000000   0.0000000000000000
in_inst:0_usecol:1_direct_idx0:35.0                      2.210568053801613    1.000000000000000   0.0000000000000000
out_inst:0_usecol:2_direct_idx0:35.0                      0.1668013044491444   -1.000000000000000   0.0000000000000000
in_inst:0_usecol:1_direct_idx0:36.0                      1.579017245874219    1.000000000000000   0.0000000000000000
out_inst:0_usecol:2_direct_idx0:36.0                      0.1790289652041478   -1.000000000000000   0.0000000000000000
in_inst:0_usecol:1_direct_idx0:37.0                      0.4032466723929096    1.000000000000000   0.0000000000000000
out_inst:0_usecol:2_direct_idx0:37.0                      0.1789552473220906   -1.000000000000000   0.0000000000000000
in_inst:0_usecol:1_direct_idx0:38.0                      0.4099265802555623    1.000000000000000   0.0000000000000000
out_inst:0_usecol:2_direct_idx0:38.0                      0.1888223683803640   -1.000000000000000   0.0000000000000000
in_inst:0_usecol:1_direct_idx0:39.0                      0.3813712159778536    1.000000000000000   0.0000000000000000
out_inst:0_usecol:2_direct_idx0:39.0                      0.2045010594626873   -1.000000000000000   0.0000000000000000
in_inst:0_usecol:1_direct_idx0:40.0                      0.3957954511771119    1.000000000000000   0.0000000000000000
out_inst:0_usecol:2_direct_idx0:40.0                      0.2221169160462068   -1.000000000000000   0.0000000000000000
in_inst:0_usecol:1_direct_idx0:41.0                      0.4883699537581553    1.000000000000000   0.0000000000000000
out_inst:0_usecol:2_direct_idx0:41.0                      0.2455352831219480   -1.000000000000000   0.0000000000000000
in_inst:0_usecol:1_direct_idx0:42.0                      0.5396233629141184    1.000000000000000   0.0000000000000000
out_inst:0_usecol:2_direct_idx0:42.0                      0.2690035716337275   -1.000000000000000   0.0000000000000000
in_inst:0_usecol:1_direct_idx0:43.0                      0.6281963107520965    1.000000000000000   0.0000000000000000
out_inst:0_usecol:2_direct_idx0:43.0                      0.3064053374477475   -1.000000000000000   0.0000000000000000
in_inst:0_usecol:1_direct_idx0:44.0                      0.3854198711905696    1.000000000000000   0.0000000000000000
out_inst:0_usecol:2_direct_idx0:44.0                      0.3486677781206771   -1.000000000000000   0.0000000000000000
in_inst:0_usecol:1_direct_idx0:45.0                      0.3500519459718723    1.000000000000000   0.0000000000000000
out_inst:0_usecol:2_direct_idx0:45.0                      0.3830097454813183   -1.000000000000000   0.0000000000000000
in_inst:0_usecol:1_direct_idx0:46.0                      0.3743245567022251    1.000000000000000   0.0000000000000000
out_inst:0_usecol:2_direct_idx0:46.0                      0.4142749864730962   -1.000000000000000   0.0000000000000000
in_inst:0_usecol:1_direct_idx0:47.0                      0.3817973637759367    1.000000000000000   0.0000000000000000
out_inst:0_usecol:2_direct_idx0:47.0                      0.4417065071083729   -1.000000000000000   0.0000000000000000
in_inst:0_usecol:1_direct_idx0:48.0                      0.3635800207718351    1.000000000000000   0.0000000000000000
out_inst:0_usecol:2_direct_idx0:48.0                      0.4791042201487156   -1.000000000000000   0.0000000000000000
in_inst:0_usecol:1_direct_idx0:49.0                      0.3028756128359960    1.000000000000000   0.0000000000000000
out_inst:0_usecol:2_direct_idx0:49.0                      0.5189365481534964   -1.000000000000000   0.0000000000000000
in_inst:0_usecol:1_direct_idx0:50.0                      0.2740805836411254    1.000000000000000   0.0000000000000000
out_inst:0_usecol:2_direct_idx0:50.0                      0.5399715738707860   -1.000000000000000   0.0000000000000000
in_inst:0_usecol:1_direct_idx0:51.0                      0.2646035889007810    1.000000000000000   0.0000000000000000
out_inst:0_usecol:2_direct_idx0:51.0                      0.5621919364490935   -1.000000000000000   0.0000000000000000
in_inst:0_usecol:1_direct_idx0:52.0                      0.2339674975456514    1.000000000000000   0.0000000000000000
out_inst:0_usecol:2_direct_idx0:52.0                      0.6249167456333344   -1.000000000000000   0.0000000000000000
in_inst:0_usecol:1_direct_idx0:53.0                      0.2169586703306284    1.000000000000000   0.0000000000000000
out_inst:0_usecol:2_direct_idx0:53.0                      0.6276590176191935   -1.000000000000000   0.0000000000000000
in_inst:0_usecol:1_direct_idx0:54.0                      0.2396697318880077    1.000000000000000   0.0000000000000000
out_inst:0_usecol:2_direct_idx0:54.0                      0.6463213359149933   -1.000000000000000   0.0000000000000000
in_inst:0_usecol:1_direct_idx0:55.0                      0.2614093761917313    1.000000000000000   0.0000000000000000
out_inst:0_usecol:2_direct_idx0:55.0                      0.6495636361629245   -1.000000000000000   0.0000000000000000
in_inst:0_usecol:1_direct_idx0:56.0                      0.2753593979075676    1.000000000000000   0.0000000000000000
out_inst:0_usecol:2_direct_idx0:56.0                      0.6574661068308355   -1.000000000000000   0.0000000000000000
in_inst:0_usecol:1_direct_idx0:57.0                      0.2702891839278433    1.000000000000000   0.0000000000000000
out_inst:0_usecol:2_direct_idx0:57.0                      0.6827987044365041   -1.000000000000000   0.0000000000000000
in_inst:0_usecol:1_direct_idx0:58.0                      0.2768029775242843    1.000000000000000   0.0000000000000000
out_inst:0_usecol:2_direct_idx0:58.0                      0.6813583246687388   -1.000000000000000   0.0000000000000000
in_inst:0_usecol:1_direct_idx0:59.0                      0.3218976055184115    1.000000000000000   0.0000000000000000
out_inst:0_usecol:2_direct_idx0:59.0                      0.6842251550558495   -1.000000000000000   0.0000000000000000
in_inst:0_usecol:1_direct_idx0:60.0                      0.3355240066909453    1.000000000000000   0.0000000000000000
out_inst:0_usecol:2_direct_idx0:60.0                      0.6731306900100034   -1.000000000000000   0.0000000000000000
in_inst:0_usecol:1_direct_idx0:61.0                      0.2868982279744874    1.000000000000000   0.0000000000000000
out_inst:0_usecol:2_direct_idx0:61.0                      0.7078798389404727   -1.000000000000000   0.0000000000000000
in_inst:0_usecol:1_direct_idx0:62.0                      0.2674252892407069    1.000000000000000   0.0000000000000000
out_inst:0_usecol:2_direct_idx0:62.0                      0.7107360501909500   -1.000000000000000   0.0000000000000000
in_inst:0_usecol:1_direct_idx0:63.0                      0.4096430187322094    1.000000000000000   0.0000000000000000
out_inst:0_usecol:2_direct_idx0:63.0                      0.6695816614687806   -1.000000000000000   0.0000000000000000
in_inst:0_usecol:1_direct_idx0:64.0                      0.5372589118993507    1.000000000000000   0.0000000000000000
out_inst:0_usecol:2_direct_idx0:64.0                      0.6565531077997244   -1.000000000000000   0.0000000000000000
in_inst:0_usecol:1_direct_idx0:65.0                      0.5667494441918572    1.000000000000000   0.0000000000000000
out_inst:0_usecol:2_direct_idx0:65.0                      0.6540844701280241   -1.000000000000000   0.0000000000000000
in_inst:0_usecol:1_direct_idx0:66.0                      0.8578555202896068    1.000000000000000   0.0000000000000000
out_inst:0_usecol:2_direct_idx0:66.0                      0.6468260347844275   -1.000000000000000   0.0000000000000000
in_inst:0_usecol:1_direct_idx0:67.0                      0.8263027231504283    1.000000000000000   0.0000000000000000
out_inst:0_usecol:2_direct_idx0:67.0                      0.6418433418200551   -1.000000000000000   0.0000000000000000
in_inst:0_usecol:1_direct_idx0:68.0                      0.5986966806924769    1.000000000000000   0.0000000000000000
out_inst:0_usecol:2_direct_idx0:68.0                      0.6434317537935788   -1.000000000000000   0.0000000000000000
in_inst:0_usecol:1_direct_idx0:69.0                      0.5619997762203002    1.000000000000000   0.0000000000000000
out_inst:0_usecol:2_direct_idx0:69.0                      0.6419853253758907   -1.000000000000000   0.0000000000000000
in_inst:0_usecol:1_direct_idx0:70.0                      0.7147913887450444    1.000000000000000   0.0000000000000000
out_inst:0_usecol:2_direct_idx0:70.0                      0.6419518679830351   -1.000000000000000   0.0000000000000000
in_inst:0_usecol:1_direct_idx0:71.0                      0.4881490082362093    1.000000000000000   0.0000000000000000
out_inst:0_usecol:2_direct_idx0:71.0                      0.6455898699961111   -1.000000000000000   0.0000000000000000
in_inst:0_usecol:1_direct_idx0:72.0                      0.3772044868472315    1.000000000000000   0.0000000000000000
out_inst:0_usecol:2_direct_idx0:72.0                      0.6559201121636566   -1.000000000000000   0.0000000000000000
in_inst:0_usecol:1_direct_idx0:73.0                      0.3551173082200702    1.000000000000000   0.0000000000000000
out_inst:0_usecol:2_direct_idx0:73.0                      0.6521017884984696   -1.000000000000000   0.0000000000000000
in_inst:0_usecol:1_direct_idx0:74.0                      0.3287156603471592    1.000000000000000   0.0000000000000000
out_inst:0_usecol:2_direct_idx0:74.0                      0.6561793624273708   -1.000000000000000   0.0000000000000000
in_inst:0_usecol:1_direct_idx0:75.0                      0.3130732134600438    1.000000000000000   0.0000000000000000
out_inst:0_usecol:2_direct_idx0:75.0                      0.6573845521617286   -1.000000000000000   0.0000000000000000
in_inst:0_usecol:1_direct_idx0:76.0                      0.3557413292606873    1.000000000000000   0.0000000000000000
out_inst:0_usecol:2_direct_idx0:76.0                      0.6683649781376146   -1.000000000000000   0.0000000000000000
in_inst:0_usecol:1_direct_idx0:77.0                      0.6762769451761074    1.000000000000000   0.0000000000000000
out_inst:0_usecol:2_direct_idx0:77.0                      0.7189422225393642   -1.000000000000000   0.0000000000000000
in_inst:0_usecol:1_direct_idx0:78.0                      0.3996192128172599    1.000000000000000   0.0000000000000000
out_inst:0_usecol:2_direct_idx0:78.0                      0.8200172272110864   -1.000000000000000   0.0000000000000000
in_inst:0_usecol:1_direct_idx0:79.0                      0.6898393417273404    1.000000000000000   0.0000000000000000
out_inst:0_usecol:2_direct_idx0:79.0                      0.9462592651375138   -1.000000000000000   0.0000000000000000
in_inst:0_usecol:1_direct_idx0:80.0                      0.4519705122174545    1.000000000000000   0.0000000000000000
out_inst:0_usecol:2_direct_idx0:80.0                      0.7591723773417448   -1.000000000000000   0.0000000000000000
in_inst:0_usecol:1_direct_idx0:81.0                      0.3353485251704901    1.000000000000000   0.0000000000000000
out_inst:0_usecol:2_direct_idx0:81.0                      0.6979936019653894   -1.000000000000000   0.0000000000000000
in_inst:0_usecol:1_direct_idx0:82.0                      2.261977046805119    1.000000000000000   0.0000000000000000
out_inst:0_usecol:2_direct_idx0:82.0                      2.503801483851525   -1.000000000000000   0.0000000000000000
in_inst:0_usecol:1_direct_idx0:83.0                      3.057759908576094    1.000000000000000   0.0000000000000000
out_inst:0_usecol:2_direct_idx0:83.0                      2.058945042346128   -1.000000000000000   0.0000000000000000
in_inst:0_usecol:1_direct_idx0:84.0                      0.01081051114121989    1.000000000000000   0.0000000000000000
out_inst:0_usecol:2_direct_idx0:84.0                      5.276736892828100   -1.000000000000000   0.0000000000000000
in_inst:0_usecol:1_direct_idx0:85.0                      2.704422132996396    1.000000000000000   0.0000000000000000
out_inst:0_usecol:2_direct_idx0:85.0                      0.2033180849555521   -1.000000000000000   0.0000000000000000
in_inst:0_usecol:1_direct_idx0:86.0                      0.05906353289673058    1.000000000000000   0.0000000000000000
out_inst:0_usecol:2_direct_idx0:86.0                      2.404200064195338   -1.000000000000000   0.0000000000000000
in_inst:0_usecol:1_direct_idx0:87.0                      2.418818529630764    1.000000000000000   0.0000000000000000
out_inst:0_usecol:2_direct_idx0:87.0                      4.088968571532394   -1.000000000000000   0.0000000000000000
in_inst:0_usecol:1_direct_idx0:88.0                      0.9431966797020108    1.000000000000000   0.0000000000000000
out_inst:0_usecol:2_direct_idx0:88.0                      0.3298315620196070   -1.000000000000000   0.0000000000000000
tot_inst:0_usecol:1_direct                      0.1185704609355274    1.000000000000000   0.0000000000000000
p_inst:0_usecol:1_direct_idx0:boreholedepth[l]                      88.20999999999999    1.000000000000000   0.0000000000000000
p_inst:0_usecol:1_direct_idx0:spatialdiscretizationofgrid[l]                      1.000000000000000    1.000000000000000   0.0000000000000000
p_inst:0_usecol:1_direct_idx0:constantboreholecross-sectionalarea[l^2]                      0.01350000000000000    1.000000000000000   0.0000000000000000
p_inst:0_usecol:1_direct_idx0:dispersivity[l^-1]                      3.508995801491313    1.000000000000000   0.0000000000000000
p_inst:0_usecol:1_direct_idx0:diffusioncoefficient[l^2/t]                      1.000000000000000e-09    1.000000000000000   0.0000000000000000
p_inst:0_usecol:1_direct_idx0:tracerconcentrationofwaterinflow[m/l^3]                      0.0000000000000000    1.000000000000000   0.0000000000000000
p_inst:0_usecol:1_direct_idx0:watertemperature[celsius](onlyreadifaboveisfec)                      27.70000000000000    1.000000000000000   0.0000000000000000
p_inst:0_usecol:1_direct_idx0:alphamin                      0.2000000000000000    1.000000000000000   0.0000000000000000
p_inst:0_usecol:1_direct_idx0:alphamax                      0.6000000000000000    1.000000000000000   0.0000000000000000
p_inst:0_usecol:1_direct_idx0:flowmin                      1.000000000000000    1.000000000000000   0.0000000000000000
p_inst:0_usecol:1_direct_idx0:flowmax                      4.000000000000000    1.000000000000000   0.0000000000000000
