single point
in_inst:0_usecol:1_direct_idx0:18.75                      0.3508571490430686    1.000000000000000   0.0000000000000000
out_inst:0_usecol:2_direct_idx0:18.75                      0.5001372453061266   -1.000000000000000   0.0000000000000000
in_inst:0_usecol:1_direct_idx0:18.95                      0.3994782340997701    1.000000000000000   0.0000000000000000
out_inst:0_usecol:2_direct_idx0:18.95                      0.4827903140175085   -1.000000000000000   0.0000000000000000
in_inst:0_usecol:1_direct_idx0:19.15                      0.4392440020791258    1.000000000000000   0.0000000000000000
out_inst:0_usecol:2_direct_idx0:19.15                      0.4707094963682317   -1.000000000000000   0.0000000000000000
in_inst:0_usecol:1_direct_idx0:19.35                      0.4710335918810010    1.000000000000000   0.0000000000000000
out_inst:0_usecol:2_direct_idx0:19.35                      0.4624043495687041   -1.000000000000000   0.0000000000000000
in_inst:0_usecol:1_direct_idx0:19.55                      0.4959898392449542    1.000000000000000   0.0000000000000000
out_inst:0_usecol:2_direct_idx0:19.55                      0.4568739061716308   -1.000000000000000   0.0000000000000000
in_inst:0_usecol:1_direct_idx0:19.75                      0.5153592321067229    1.000000000000000   0.0000000000000000
out_inst:0_usecol:2_direct_idx0:19.75                      0.4534756655338891   -1.000000000000000   0.0000000000000000
in_inst:0_usecol:1_direct_idx0:19.95                      0.5303264906990154    1.000000000000000   0.0000000000000000
out_inst:0_usecol:2_direct_idx0:19.95                      0.4518252938022521   -1.000000000000000   0.0000000000000000
in_inst:0_usecol:1_direct_idx0:20.15                      0.5419377466895479    1.000000000000000   0.0000000000000000
out_inst:0_usecol:2_direct_idx0:20.15                      0.4517390387559707   -1.000000000000000   0.0000000000000000
in_inst:0_usecol:1_direct_idx0:20.35                      0.5510841966018364    1.000000000000000   0.0000000000000000
out_inst:0_usecol:2_direct_idx0:20.35                      0.4532069347774521   -1.000000000000000   0.0000000000000000
in_inst:0_usecol:1_direct_idx0:20.55                      0.5585235521992469    1.000000000000000   0.0000000000000000
out_inst:0_usecol:2_direct_idx0:20.55                      0.4563869171094260   -1.000000000000000   0.0000000000000000
in_inst:0_usecol:1_direct_idx0:20.75                      0.5649787316336498    1.000000000000000   0.0000000000000000
out_inst:0_usecol:2_direct_idx0:20.75                      0.4615733380342364   -1.000000000000000   0.0000000000000000
in_inst:0_usecol:1_direct_idx0:20.95                      0.5719814576610317    1.000000000000000   0.0000000000000000
out_inst:0_usecol:2_direct_idx0:20.95                      0.4685843456848712   -1.000000000000000   0.0000000000000000
in_inst:0_usecol:1_direct_idx0:21.15                      0.5917691116026706    1.000000000000000   0.0000000000000000
out_inst:0_usecol:2_direct_idx0:21.15                      0.4688378639511006   -1.000000000000000   0.0000000000000000
in_inst:0_usecol:1_direct_idx0:21.35                      0.5811942894106348    1.000000000000000   0.0000000000000000
out_inst:0_usecol:2_direct_idx0:21.35                      0.4663425505200092   -1.000000000000000   0.0000000000000000
in_inst:0_usecol:1_direct_idx0:21.55                      0.5842056554656969    1.000000000000000   0.0000000000000000
out_inst:0_usecol:2_direct_idx0:21.55                      0.4569482088699807   -1.000000000000000   0.0000000000000000
in_inst:0_usecol:1_direct_idx0:21.75                      0.5895765218696416    1.000000000000000   0.0000000000000000
out_inst:0_usecol:2_direct_idx0:21.75                      0.4489842220292956   -1.000000000000000   0.0000000000000000
in_inst:0_usecol:1_direct_idx0:21.95                      0.5968939111769868    1.000000000000000   0.0000000000000000
out_inst:0_usecol:2_direct_idx0:21.95                      0.4423396425146326   -1.000000000000000   0.0000000000000000
in_inst:0_usecol:1_direct_idx0:22.15                      0.6068449644520431    1.000000000000000   0.0000000000000000
out_inst:0_usecol:2_direct_idx0:22.15                      0.4363694158809693   -1.000000000000000   0.0000000000000000
in_inst:0_usecol:1_direct_idx0:22.35                      0.6205128531571578    1.000000000000000   0.0000000000000000
out_inst:0_usecol:2_direct_idx0:22.35                      0.4304683878042080   -1.000000000000000   0.0000000000000000
in_inst:0_usecol:1_direct_idx0:22.55                      0.6394785475073784    1.000000000000000   0.0000000000000000
out_inst:0_usecol:2_direct_idx0:22.55                      0.4240585362907737   -1.000000000000000   0.0000000000000000
in_inst:0_usecol:1_direct_idx0:22.75                      0.6661016289570209    1.000000000000000   0.0000000000000000
out_inst:0_usecol:2_direct_idx0:22.75                      0.4165393380514684   -1.000000000000000   0.0000000000000000
in_inst:0_usecol:1_direct_idx0:22.95                      0.7040561326299480    1.000000000000000   0.0000000000000000
out_inst:0_usecol:2_direct_idx0:22.95                      0.4072395065766458   -1.000000000000000   0.0000000000000000
in_inst:0_usecol:1_direct_idx0:23.15                      0.7597280196528076    1.000000000000000   0.0000000000000000
out_inst:0_usecol:2_direct_idx0:23.15                      0.3953359120762013   -1.000000000000000   0.0000000000000000
in_inst:0_usecol:1_direct_idx0:23.35                      0.8501456920764039    1.000000000000000   0.0000000000000000
out_inst:0_usecol:2_direct_idx0:23.35                      0.3793095622046335   -1.000000000000000   0.0000000000000000
in_inst:0_usecol:1_direct_idx0:23.55                      1.097085100839043    1.000000000000000   0.0000000000000000
out_inst:0_usecol:2_direct_idx0:23.55                      0.3511710133238928   -1.000000000000000   0.0000000000000000
in_inst:0_usecol:1_direct_idx0:23.75                      0.8538315835626739    1.000000000000000   0.0000000000000000
out_inst:0_usecol:2_direct_idx0:23.75                      0.3780879729277986   -1.000000000000000   0.0000000000000000
in_inst:0_usecol:1_direct_idx0:23.95                      0.7664261597075066    1.000000000000000   0.0000000000000000
out_inst:0_usecol:2_direct_idx0:23.95                      0.3926669161520477   -1.000000000000000   0.0000000000000000
in_inst:0_usecol:1_direct_idx0:24.15                      0.7138793960314899    1.000000000000000   0.0000000000000000
out_inst:0_usecol:2_direct_idx0:24.15                      0.4027844667851364   -1.000000000000000   0.0000000000000000
in_inst:0_usecol:1_direct_idx0:24.35                      0.6796068838965359    1.000000000000000   0.0000000000000000
out_inst:0_usecol:2_direct_idx0:24.35                      0.4097942524397853   -1.000000000000000   0.0000000000000000
in_inst:0_usecol:1_direct_idx0:24.55                      0.6576508134628408    1.000000000000000   0.0000000000000000
out_inst:0_usecol:2_direct_idx0:24.55                      0.4142987617841126   -1.000000000000000   0.0000000000000000
in_inst:0_usecol:1_direct_idx0:24.75                      0.6448346996048903    1.000000000000000   0.0000000000000000
out_inst:0_usecol:2_direct_idx0:24.75                      0.4166734423333427   -1.000000000000000   0.0000000000000000
in_inst:0_usecol:1_direct_idx0:24.95                      0.6394418847967738    1.000000000000000   0.0000000000000000
out_inst:0_usecol:2_direct_idx0:24.95                      0.4171200105496088   -1.000000000000000   0.0000000000000000
in_inst:0_usecol:1_direct_idx0:25.15                      0.6407700683244182    1.000000000000000   0.0000000000000000
out_inst:0_usecol:2_direct_idx0:25.15                      0.4156767820822526   -1.000000000000000   0.0000000000000000
in_inst:0_usecol:1_direct_idx0:25.35                      0.6489760650500898    1.000000000000000   0.0000000000000000
out_inst:0_usecol:2_direct_idx0:25.35                      0.4122200795380261   -1.000000000000000   0.0000000000000000
in_inst:0_usecol:1_direct_idx0:25.55                      0.6651350327463194    1.000000000000000   0.0000000000000000
out_inst:0_usecol:2_direct_idx0:25.55                      0.4064559612363825   -1.000000000000000   0.0000000000000000
in_inst:0_usecol:1_direct_idx0:25.75                      0.6917913623522153    1.000000000000000   0.0000000000000000
out_inst:0_usecol:2_direct_idx0:25.75                      0.3978662004897791   -1.000000000000000   0.0000000000000000
in_inst:0_usecol:1_direct_idx0:25.95                      0.7374620034208420    1.000000000000000   0.0000000000000000
out_inst:0_usecol:2_direct_idx0:25.95                      0.3851706496977466   -1.000000000000000   0.0000000000000000
in_inst:0_usecol:1_direct_idx0:26.15                      0.8723933194441960    1.000000000000000   0.0000000000000000
out_inst:0_usecol:2_direct_idx0:26.15                      0.3603998837698639   -1.000000000000000   0.0000000000000000
in_inst:0_usecol:1_direct_idx0:26.35                      0.7352211063293040    1.000000000000000   0.0000000000000000
out_inst:0_usecol:2_direct_idx0:26.35                      0.3852894188848157   -1.000000000000000   0.0000000000000000
in_inst:0_usecol:1_direct_idx0:26.55                      0.6874272332213239    1.000000000000000   0.0000000000000000
out_inst:0_usecol:2_direct_idx0:26.55                      0.3981238836825332   -1.000000000000000   0.0000000000000000
in_inst:0_usecol:1_direct_idx0:26.75                      0.6583948696348880    1.000000000000000   0.0000000000000000
out_inst:0_usecol:2_direct_idx0:26.75                      0.4068835238572833   -1.000000000000000   0.0000000000000000
in_inst:0_usecol:1_direct_idx0:26.95                      0.6393184405754156    1.000000000000000   0.0000000000000000
out_inst:0_usecol:2_direct_idx0:26.95                      0.4128638414320053   -1.000000000000000   0.0000000000000000
in_inst:0_usecol:1_direct_idx0:27.15                      0.6273158727534469    1.000000000000000   0.0000000000000000
out_inst:0_usecol:2_direct_idx0:27.15                      0.4166029801490707   -1.000000000000000   0.0000000000000000
in_inst:0_usecol:1_direct_idx0:27.35                      0.6208715881754419    1.000000000000000   0.0000000000000000
out_inst:0_usecol:2_direct_idx0:27.35                      0.4184207596898785   -1.000000000000000   0.0000000000000000
in_inst:0_usecol:1_direct_idx0:27.55                      0.6192122531899481    1.000000000000000   0.0000000000000000
out_inst:0_usecol:2_direct_idx0:27.55                      0.4184743608950836   -1.000000000000000   0.0000000000000000
in_inst:0_usecol:1_direct_idx0:27.75                      0.6221353028081330    1.000000000000000   0.0000000000000000
out_inst:0_usecol:2_direct_idx0:27.75                      0.4167680982816456   -1.000000000000000   0.0000000000000000
in_inst:0_usecol:1_direct_idx0:27.95                      0.6299877175021578    1.000000000000000   0.0000000000000000
out_inst:0_usecol:2_direct_idx0:27.95                      0.4131499472285841   -1.000000000000000   0.0000000000000000
in_inst:0_usecol:1_direct_idx0:28.15                      0.6439497580948322    1.000000000000000   0.0000000000000000
out_inst:0_usecol:2_direct_idx0:28.15                      0.4072588508439391   -1.000000000000000   0.0000000000000000
in_inst:0_usecol:1_direct_idx0:28.35                      0.6689876099780694    1.000000000000000   0.0000000000000000
out_inst:0_usecol:2_direct_idx0:28.35                      0.3979704245868981   -1.000000000000000   0.0000000000000000
in_inst:0_usecol:1_direct_idx0:28.55                      0.7507851019858882    1.000000000000000   0.0000000000000000
out_inst:0_usecol:2_direct_idx0:28.55                      0.3772271801700231   -1.000000000000000   0.0000000000000000
in_inst:0_usecol:1_direct_idx0:28.75                      0.6660248869954329    1.000000000000000   0.0000000000000000
out_inst:0_usecol:2_direct_idx0:28.75                      0.3986132755977910   -1.000000000000000   0.0000000000000000
in_inst:0_usecol:1_direct_idx0:28.95                      0.6380404001689921    1.000000000000000   0.0000000000000000
out_inst:0_usecol:2_direct_idx0:28.95                      0.4086415691611364   -1.000000000000000   0.0000000000000000
in_inst:0_usecol:1_direct_idx0:29.15                      0.6207289954712139    1.000000000000000   0.0000000000000000
out_inst:0_usecol:2_direct_idx0:29.15                      0.4154300940594894   -1.000000000000000   0.0000000000000000
in_inst:0_usecol:1_direct_idx0:29.35                      0.6087599184580669    1.000000000000000   0.0000000000000000
out_inst:0_usecol:2_direct_idx0:29.35                      0.4201863766906692   -1.000000000000000   0.0000000000000000
in_inst:0_usecol:1_direct_idx0:29.55                      0.6005148449793346    1.000000000000000   0.0000000000000000
out_inst:0_usecol:2_direct_idx0:29.55                      0.4233780368940199   -1.000000000000000   0.0000000000000000
in_inst:0_usecol:1_direct_idx0:29.75                      0.5950779220865043    1.000000000000000   0.0000000000000000
out_inst:0_usecol:2_direct_idx0:29.75                      0.4252952925098161   -1.000000000000000   0.0000000000000000
in_inst:0_usecol:1_direct_idx0:29.95                      0.5918717653037379    1.000000000000000   0.0000000000000000
out_inst:0_usecol:2_direct_idx0:29.95                      0.4261135266575115   -1.000000000000000   0.0000000000000000
in_inst:0_usecol:1_direct_idx0:30.15                      0.5905563799984483    1.000000000000000   0.0000000000000000
out_inst:0_usecol:2_direct_idx0:30.15                      0.4259082339498151   -1.000000000000000   0.0000000000000000
in_inst:0_usecol:1_direct_idx0:30.35                      0.5909822258001745    1.000000000000000   0.0000000000000000
out_inst:0_usecol:2_direct_idx0:30.35                      0.4246600657573892   -1.000000000000000   0.0000000000000000
in_inst:0_usecol:1_direct_idx0:30.55                      0.5931816685467928    1.000000000000000   0.0000000000000000
out_inst:0_usecol:2_direct_idx0:30.55                      0.4222495396669537   -1.000000000000000   0.0000000000000000
in_inst:0_usecol:1_direct_idx0:30.75                      0.5975193025704824    1.000000000000000   0.0000000000000000
out_inst:0_usecol:2_direct_idx0:30.75                      0.4184019630825904   -1.000000000000000   0.0000000000000000
in_inst:0_usecol:1_direct_idx0:30.95                      0.6065280260595940    1.000000000000000   0.0000000000000000
out_inst:0_usecol:2_direct_idx0:30.95                      0.4121168556444066   -1.000000000000000   0.0000000000000000
in_inst:0_usecol:1_direct_idx0:31.15                      0.6477825340938016    1.000000000000000   0.0000000000000000
out_inst:0_usecol:2_direct_idx0:31.15                      0.3952606399248391   -1.000000000000000   0.0000000000000000
in_inst:0_usecol:1_direct_idx0:31.35                      0.6043546117705412    1.000000000000000   0.0000000000000000
out_inst:0_usecol:2_direct_idx0:31.35                      0.4123123952358139   -1.000000000000000   0.0000000000000000
in_inst:0_usecol:1_direct_idx0:31.55                      0.5930503229862505    1.000000000000000   0.0000000000000000
out_inst:0_usecol:2_direct_idx0:31.55                      0.4188189721943476   -1.000000000000000   0.0000000000000000
in_inst:0_usecol:1_direct_idx0:31.75                      0.5860276600530965    1.000000000000000   0.0000000000000000
out_inst:0_usecol:2_direct_idx0:31.75                      0.4229331360802213   -1.000000000000000   0.0000000000000000
in_inst:0_usecol:1_direct_idx0:31.95                      0.5804870718717212    1.000000000000000   0.0000000000000000
out_inst:0_usecol:2_direct_idx0:31.95                      0.4256808521824319   -1.000000000000000   0.0000000000000000
in_inst:0_usecol:1_direct_idx0:32.15                      0.5757322701779627    1.000000000000000   0.0000000000000000
out_inst:0_usecol:2_direct_idx0:32.15                      0.4273691721765670   -1.000000000000000   0.0000000000000000
in_inst:0_usecol:1_direct_idx0:32.35                      0.5713016799766194    1.000000000000000   0.0000000000000000
out_inst:0_usecol:2_direct_idx0:32.35                      0.4281596056816500   -1.000000000000000   0.0000000000000000
in_inst:0_usecol:1_direct_idx0:32.55                      0.5667734882213539    1.000000000000000   0.0000000000000000
out_inst:0_usecol:2_direct_idx0:32.55                      0.4281266081844504   -1.000000000000000   0.0000000000000000
in_inst:0_usecol:1_direct_idx0:32.75                      0.5617136808874345    1.000000000000000   0.0000000000000000
out_inst:0_usecol:2_direct_idx0:32.75                      0.4272667351678700   -1.000000000000000   0.0000000000000000
in_inst:0_usecol:1_direct_idx0:32.95                      0.5556433842301466    1.000000000000000   0.0000000000000000
out_inst:0_usecol:2_direct_idx0:32.95                      0.4254947380725719   -1.000000000000000   0.0000000000000000
in_inst:0_usecol:1_direct_idx0:33.15                      0.5480832047603901    1.000000000000000   0.0000000000000000
out_inst:0_usecol:2_direct_idx0:33.15                      0.4225903132088731   -1.000000000000000   0.0000000000000000
in_inst:0_usecol:1_direct_idx0:33.35                      0.5394951124719126    1.000000000000000   0.0000000000000000
out_inst:0_usecol:2_direct_idx0:33.35                      0.4176292388021619   -1.000000000000000   0.0000000000000000
in_inst:0_usecol:1_direct_idx0:33.55                      0.5428977261310586    1.000000000000000   0.0000000000000000
out_inst:0_usecol:2_direct_idx0:33.55                      0.4025411917792129   -1.000000000000000   0.0000000000000000
in_inst:0_usecol:1_direct_idx0:33.75                      0.5364923684889524    1.000000000000000   0.0000000000000000
out_inst:0_usecol:2_direct_idx0:33.75                      0.4178745024897763   -1.000000000000000   0.0000000000000000
in_inst:0_usecol:1_direct_idx0:33.95                      0.5417123100421928    1.000000000000000   0.0000000000000000
out_inst:0_usecol:2_direct_idx0:33.95                      0.4231116470261614   -1.000000000000000   0.0000000000000000
in_inst:0_usecol:1_direct_idx0:34.15                      0.5452269589974853    1.000000000000000   0.0000000000000000
out_inst:0_usecol:2_direct_idx0:34.15                      0.4263474176350368   -1.000000000000000   0.0000000000000000
in_inst:0_usecol:1_direct_idx0:34.35                      0.5462145038010960    1.000000000000000   0.0000000000000000
out_inst:0_usecol:2_direct_idx0:34.35                      0.4285381117265234   -1.000000000000000   0.0000000000000000
in_inst:0_usecol:1_direct_idx0:34.55                      0.5446926785968423    1.000000000000000   0.0000000000000000
out_inst:0_usecol:2_direct_idx0:34.55                      0.4299446265830489   -1.000000000000000   0.0000000000000000
in_inst:0_usecol:1_direct_idx0:34.75                      0.5405465087673251    1.000000000000000   0.0000000000000000
out_inst:0_usecol:2_direct_idx0:34.75                      0.4307050135155221   -1.000000000000000   0.0000000000000000
in_inst:0_usecol:1_direct_idx0:34.95                      0.5334440631323750    1.000000000000000   0.0000000000000000
out_inst:0_usecol:2_direct_idx0:34.95                      0.4308923258661928   -1.000000000000000   0.0000000000000000
in_inst:0_usecol:1_direct_idx0:35.15                      0.5228224399616008    1.000000000000000   0.0000000000000000
out_inst:0_usecol:2_direct_idx0:35.15                      0.4305245356088264   -1.000000000000000   0.0000000000000000
in_inst:0_usecol:1_direct_idx0:35.35                      0.5078817463383012    1.000000000000000   0.0000000000000000
out_inst:0_usecol:2_direct_idx0:35.35                      0.4295660230525289   -1.000000000000000   0.0000000000000000
in_inst:0_usecol:1_direct_idx0:35.55                      0.4875975150304426    1.000000000000000   0.0000000000000000
out_inst:0_usecol:2_direct_idx0:35.55                      0.4279206957126639   -1.000000000000000   0.0000000000000000
in_inst:0_usecol:1_direct_idx0:35.75                      0.4607935006230309    1.000000000000000   0.0000000000000000
out_inst:0_usecol:2_direct_idx0:35.75                      0.4253773243103304   -1.000000000000000   0.0000000000000000
in_inst:0_usecol:1_direct_idx0:35.95                      0.4264932266774004    1.000000000000000   0.0000000000000000
out_inst:0_usecol:2_direct_idx0:35.95                      0.4210400788160270   -1.000000000000000   0.0000000000000000
in_inst:0_usecol:1_direct_idx0:36.15                      0.3864761063472972    1.000000000000000   0.0000000000000000
out_inst:0_usecol:2_direct_idx0:36.15                      0.4068667529418912   -1.000000000000000   0.0000000000000000
in_inst:0_usecol:1_direct_idx0:36.35                      0.4369762838566745    1.000000000000000   0.0000000000000000
out_inst:0_usecol:2_direct_idx0:36.35                      0.4245192454249595   -1.000000000000000   0.0000000000000000
in_inst:0_usecol:1_direct_idx0:36.55                      0.4848643285349331    1.000000000000000   0.0000000000000000
out_inst:0_usecol:2_direct_idx0:36.55                      0.4327924017360336   -1.000000000000000   0.0000000000000000
in_inst:0_usecol:1_direct_idx0:36.75                      0.5295197314530972    1.000000000000000   0.0000000000000000
out_inst:0_usecol:2_direct_idx0:36.75                      0.4400990897402972   -1.000000000000000   0.0000000000000000
in_inst:0_usecol:1_direct_idx0:36.95                      0.5737874371963086    1.000000000000000   0.0000000000000000
out_inst:0_usecol:2_direct_idx0:36.95                      0.4478346825113743   -1.000000000000000   0.0000000000000000
in_inst:0_usecol:1_direct_idx0:37.15                      0.6217689302612849    1.000000000000000   0.0000000000000000
out_inst:0_usecol:2_direct_idx0:37.15                      0.4568726280112791   -1.000000000000000   0.0000000000000000
in_inst:0_usecol:1_direct_idx0:37.35                      0.6790874717385709    1.000000000000000   0.0000000000000000
out_inst:0_usecol:2_direct_idx0:37.35                      0.4682256390337077   -1.000000000000000   0.0000000000000000
in_inst:0_usecol:1_direct_idx0:37.55                      0.7540271607109312    1.000000000000000   0.0000000000000000
out_inst:0_usecol:2_direct_idx0:37.55                      0.4832415933326807   -1.000000000000000   0.0000000000000000
in_inst:0_usecol:1_direct_idx0:37.75                      0.8600217922964573    1.000000000000000   0.0000000000000000
out_inst:0_usecol:2_direct_idx0:37.75                      0.5038415632981981   -1.000000000000000   0.0000000000000000
in_inst:0_usecol:1_direct_idx0:37.95                      1.021367732223571    1.000000000000000   0.0000000000000000
out_inst:0_usecol:2_direct_idx0:37.95                      0.5329219665718717   -1.000000000000000   0.0000000000000000
in_inst:0_usecol:1_direct_idx0:38.15                      1.289047582913411    1.000000000000000   0.0000000000000000
out_inst:0_usecol:2_direct_idx0:38.15                      0.5751563179575947   -1.000000000000000   0.0000000000000000
in_inst:0_usecol:1_direct_idx0:38.35                      1.808374949034589    1.000000000000000   0.0000000000000000
out_inst:0_usecol:2_direct_idx0:38.35                      0.6395495651444608   -1.000000000000000   0.0000000000000000
in_inst:0_usecol:1_direct_idx0:38.55                      3.501397984975582    1.000000000000000   0.0000000000000000
out_inst:0_usecol:2_direct_idx0:38.55                      0.7590568034649199   -1.000000000000000   0.0000000000000000
in_inst:0_usecol:1_direct_idx0:38.75                      1.817562794101490    1.000000000000000   0.0000000000000000
out_inst:0_usecol:2_direct_idx0:38.75                      0.6428106199112517   -1.000000000000000   0.0000000000000000
in_inst:0_usecol:1_direct_idx0:38.95                      1.300579660332951    1.000000000000000   0.0000000000000000
out_inst:0_usecol:2_direct_idx0:38.95                      0.5813322851276675   -1.000000000000000   0.0000000000000000
in_inst:0_usecol:1_direct_idx0:39.15                      1.034421605812316    1.000000000000000   0.0000000000000000
out_inst:0_usecol:2_direct_idx0:39.15                      0.5422452128831327   -1.000000000000000   0.0000000000000000
in_inst:0_usecol:1_direct_idx0:39.35                      0.8748714139536792    1.000000000000000   0.0000000000000000
out_inst:0_usecol:2_direct_idx0:39.35                      0.5169789311487240   -1.000000000000000   0.0000000000000000
in_inst:0_usecol:1_direct_idx0:39.55                      0.7713099264499872    1.000000000000000   0.0000000000000000
out_inst:0_usecol:2_direct_idx0:39.55                      0.5013116167484747   -1.000000000000000   0.0000000000000000
in_inst:0_usecol:1_direct_idx0:39.75                      0.6996673764202074    1.000000000000000   0.0000000000000000
out_inst:0_usecol:2_direct_idx0:39.75                      0.4928985808573060   -1.000000000000000   0.0000000000000000
in_inst:0_usecol:1_direct_idx0:39.95                      0.6467204159869269    1.000000000000000   0.0000000000000000
out_inst:0_usecol:2_direct_idx0:39.95                      0.4905538076990243   -1.000000000000000   0.0000000000000000
in_inst:0_usecol:1_direct_idx0:40.15                      0.6043940033483362    1.000000000000000   0.0000000000000000
out_inst:0_usecol:2_direct_idx0:40.15                      0.4939555650102251   -1.000000000000000   0.0000000000000000
in_inst:0_usecol:1_direct_idx0:40.35                      0.5672435700410187    1.000000000000000   0.0000000000000000
out_inst:0_usecol:2_direct_idx0:40.35                      0.5035718086741219   -1.000000000000000   0.0000000000000000
in_inst:0_usecol:1_direct_idx0:40.55                      0.5312335865202633    1.000000000000000   0.0000000000000000
out_inst:0_usecol:2_direct_idx0:40.55                      0.5207683117096663   -1.000000000000000   0.0000000000000000
in_inst:0_usecol:1_direct_idx0:40.75                      0.4931668133231898    1.000000000000000   0.0000000000000000
out_inst:0_usecol:2_direct_idx0:40.75                      0.5481436858451063   -1.000000000000000   0.0000000000000000
in_inst:0_usecol:1_direct_idx0:40.95                      0.4506389139292673    1.000000000000000   0.0000000000000000
out_inst:0_usecol:2_direct_idx0:40.95                      0.5902286892052324   -1.000000000000000   0.0000000000000000
in_inst:0_usecol:1_direct_idx0:41.15                      0.4034126968915039    1.000000000000000   0.0000000000000000
out_inst:0_usecol:2_direct_idx0:41.15                      0.6547055953092532   -1.000000000000000   0.0000000000000000
in_inst:0_usecol:1_direct_idx0:41.35                      0.4403001467561133    1.000000000000000   0.0000000000000000
out_inst:0_usecol:2_direct_idx0:41.35                      0.5910508711862129   -1.000000000000000   0.0000000000000000
in_inst:0_usecol:1_direct_idx0:41.55                      0.4699147390793402    1.000000000000000   0.0000000000000000
out_inst:0_usecol:2_direct_idx0:41.55                      0.5497483938146324   -1.000000000000000   0.0000000000000000
in_inst:0_usecol:1_direct_idx0:41.75                      0.4914573331924329    1.000000000000000   0.0000000000000000
out_inst:0_usecol:2_direct_idx0:41.75                      0.5232461930025198   -1.000000000000000   0.0000000000000000
in_inst:0_usecol:1_direct_idx0:41.95                      0.5057502556881743    1.000000000000000   0.0000000000000000
out_inst:0_usecol:2_direct_idx0:41.95                      0.5071320762391145   -1.000000000000000   0.0000000000000000
in_inst:0_usecol:1_direct_idx0:42.15                      0.5136455577485449    1.000000000000000   0.0000000000000000
out_inst:0_usecol:2_direct_idx0:42.15                      0.4989438719945218   -1.000000000000000   0.0000000000000000
in_inst:0_usecol:1_direct_idx0:42.35                      0.5157051053372125    1.000000000000000   0.0000000000000000
out_inst:0_usecol:2_direct_idx0:42.35                      0.4974976360829478   -1.000000000000000   0.0000000000000000
in_inst:0_usecol:1_direct_idx0:42.55                      0.5121105181966792    1.000000000000000   0.0000000000000000
out_inst:0_usecol:2_direct_idx0:42.55                      0.5025889970338375   -1.000000000000000   0.0000000000000000
in_inst:0_usecol:1_direct_idx0:42.75                      0.5026442615567225    1.000000000000000   0.0000000000000000
out_inst:0_usecol:2_direct_idx0:42.75                      0.5149436249041330   -1.000000000000000   0.0000000000000000
in_inst:0_usecol:1_direct_idx0:42.95                      0.4867119781010169    1.000000000000000   0.0000000000000000
out_inst:0_usecol:2_direct_idx0:42.95                      0.5363950755872201   -1.000000000000000   0.0000000000000000
in_inst:0_usecol:1_direct_idx0:43.15                      0.4634380340658438    1.000000000000000   0.0000000000000000
out_inst:0_usecol:2_direct_idx0:43.15                      0.5703582718196047   -1.000000000000000   0.0000000000000000
in_inst:0_usecol:1_direct_idx0:43.35                      0.4321288659088601    1.000000000000000   0.0000000000000000
out_inst:0_usecol:2_direct_idx0:43.35                      0.6226706126610777   -1.000000000000000   0.0000000000000000
in_inst:0_usecol:1_direct_idx0:43.55                      0.3959104223927480    1.000000000000000   0.0000000000000000
out_inst:0_usecol:2_direct_idx0:43.55                      0.7010693285580211   -1.000000000000000   0.0000000000000000
in_inst:0_usecol:1_direct_idx0:43.75                      0.4319432469779261    1.000000000000000   0.0000000000000000
out_inst:0_usecol:2_direct_idx0:43.75                      0.6228856235214333   -1.000000000000000   0.0000000000000000
in_inst:0_usecol:1_direct_idx0:43.95                      0.4630901804359738    1.000000000000000   0.0000000000000000
out_inst:0_usecol:2_direct_idx0:43.95                      0.5707719318303478   -1.000000000000000   0.0000000000000000
in_inst:0_usecol:1_direct_idx0:44.15                      0.4862407166865965    1.000000000000000   0.0000000000000000
out_inst:0_usecol:2_direct_idx0:44.15                      0.5370269079814828   -1.000000000000000   0.0000000000000000
in_inst:0_usecol:1_direct_idx0:44.35                      0.5021093667836517    1.000000000000000   0.0000000000000000
out_inst:0_usecol:2_direct_idx0:44.35                      0.5158440907292449   -1.000000000000000   0.0000000000000000
in_inst:0_usecol:1_direct_idx0:44.55                      0.5116033589425208    1.000000000000000   0.0000000000000000
out_inst:0_usecol:2_direct_idx0:44.55                      0.5038428612674399   -1.000000000000000   0.0000000000000000
in_inst:0_usecol:1_direct_idx0:44.75                      0.5153641481720785    1.000000000000000   0.0000000000000000
out_inst:0_usecol:2_direct_idx0:44.75                      0.4992346099860047   -1.000000000000000   0.0000000000000000
in_inst:0_usecol:1_direct_idx0:44.95                      0.5136765962576009    1.000000000000000   0.0000000000000000
out_inst:0_usecol:2_direct_idx0:44.95                      0.5013582904799194   -1.000000000000000   0.0000000000000000
in_inst:0_usecol:1_direct_idx0:45.15                      0.5064484343165806    1.000000000000000   0.0000000000000000
out_inst:0_usecol:2_direct_idx0:45.15                      0.5105167631769579   -1.000000000000000   0.0000000000000000
in_inst:0_usecol:1_direct_idx0:45.35                      0.4932199410424165    1.000000000000000   0.0000000000000000
out_inst:0_usecol:2_direct_idx0:45.35                      0.5280514467686518   -1.000000000000000   0.0000000000000000
in_inst:0_usecol:1_direct_idx0:45.55                      0.4732067001403965    1.000000000000000   0.0000000000000000
out_inst:0_usecol:2_direct_idx0:45.55                      0.5566889103224298   -1.000000000000000   0.0000000000000000
in_inst:0_usecol:1_direct_idx0:45.75                      0.4454050410527192    1.000000000000000   0.0000000000000000
out_inst:0_usecol:2_direct_idx0:45.75                      0.6013129921733037   -1.000000000000000   0.0000000000000000
in_inst:0_usecol:1_direct_idx0:45.95                      0.4088538900665202    1.000000000000000   0.0000000000000000
out_inst:0_usecol:2_direct_idx0:45.95                      0.6704156467621313   -1.000000000000000   0.0000000000000000
in_inst:0_usecol:1_direct_idx0:46.15                      0.3636078023272945    1.000000000000000   0.0000000000000000
out_inst:0_usecol:2_direct_idx0:46.15                      0.7768521931372054   -1.000000000000000   0.0000000000000000
in_inst:0_usecol:1_direct_idx0:46.35                      0.4070611934241539    1.000000000000000   0.0000000000000000
out_inst:0_usecol:2_direct_idx0:46.35                      0.6731873882430716   -1.000000000000000   0.0000000000000000
in_inst:0_usecol:1_direct_idx0:46.55                      0.4413298158361038    1.000000000000000   0.0000000000000000
out_inst:0_usecol:2_direct_idx0:46.55                      0.6065455696536718   -1.000000000000000   0.0000000000000000
in_inst:0_usecol:1_direct_idx0:46.75                      0.4662311993288473    1.000000000000000   0.0000000000000000
out_inst:0_usecol:2_direct_idx0:46.75                      0.5645764140853710   -1.000000000000000   0.0000000000000000
in_inst:0_usecol:1_direct_idx0:46.95                      0.4825296338610113    1.000000000000000   0.0000000000000000
out_inst:0_usecol:2_direct_idx0:46.95                      0.5391936218784905   -1.000000000000000   0.0000000000000000
in_inst:0_usecol:1_direct_idx0:47.15                      0.4909632553622522    1.000000000000000   0.0000000000000000
out_inst:0_usecol:2_direct_idx0:47.15                      0.5259491329845306   -1.000000000000000   0.0000000000000000
in_inst:0_usecol:1_direct_idx0:47.35                      0.4919854735122082    1.000000000000000   0.0000000000000000
out_inst:0_usecol:2_direct_idx0:47.35                      0.5226856502461333   -1.000000000000000   0.0000000000000000
in_inst:0_usecol:1_direct_idx0:47.55                      0.4856713775180934    1.000000000000000   0.0000000000000000
out_inst:0_usecol:2_direct_idx0:47.55                      0.5288895533744555   -1.000000000000000   0.0000000000000000
in_inst:0_usecol:1_direct_idx0:47.75                      0.4717077784806503    1.000000000000000   0.0000000000000000
out_inst:0_usecol:2_direct_idx0:47.75                      0.5455434858894791   -1.000000000000000   0.0000000000000000
in_inst:0_usecol:1_direct_idx0:47.95                      0.4494547341641968    1.000000000000000   0.0000000000000000
out_inst:0_usecol:2_direct_idx0:47.95                      0.5754125894618094   -1.000000000000000   0.0000000000000000
in_inst:0_usecol:1_direct_idx0:48.15                      0.4180759373374454    1.000000000000000   0.0000000000000000
out_inst:0_usecol:2_direct_idx0:48.15                      0.6239065922802844   -1.000000000000000   0.0000000000000000
in_inst:0_usecol:1_direct_idx0:48.35                      0.3765208000906192    1.000000000000000   0.0000000000000000
out_inst:0_usecol:2_direct_idx0:48.35                      0.7008728733242193   -1.000000000000000   0.0000000000000000
in_inst:0_usecol:1_direct_idx0:48.55                      0.3208289379714858    1.000000000000000   0.0000000000000000
out_inst:0_usecol:2_direct_idx0:48.55                      0.8224348004653658   -1.000000000000000   0.0000000000000000
in_inst:0_usecol:1_direct_idx0:48.75                      0.3757559645397223    1.000000000000000   0.0000000000000000
out_inst:0_usecol:2_direct_idx0:48.75                      0.6996389475955559   -1.000000000000000   0.0000000000000000
in_inst:0_usecol:1_direct_idx0:48.95                      0.4163009959211584    1.000000000000000   0.0000000000000000
out_inst:0_usecol:2_direct_idx0:48.95                      0.6216021306655968   -1.000000000000000   0.0000000000000000
in_inst:0_usecol:1_direct_idx0:49.15                      0.4463790804482263    1.000000000000000   0.0000000000000000
out_inst:0_usecol:2_direct_idx0:49.15                      0.5719653949614599   -1.000000000000000   0.0000000000000000
in_inst:0_usecol:1_direct_idx0:49.35                      0.4669637430526347    1.000000000000000   0.0000000000000000
out_inst:0_usecol:2_direct_idx0:49.35                      0.5406998691437177   -1.000000000000000   0.0000000000000000
in_inst:0_usecol:1_direct_idx0:49.55                      0.4787879610561718    1.000000000000000   0.0000000000000000
out_inst:0_usecol:2_direct_idx0:49.55                      0.5222050103876260   -1.000000000000000   0.0000000000000000
in_inst:0_usecol:1_direct_idx0:49.75                      0.4823666219612110    1.000000000000000   0.0000000000000000
out_inst:0_usecol:2_direct_idx0:49.75                      0.5134679545716739   -1.000000000000000   0.0000000000000000
in_inst:0_usecol:1_direct_idx0:49.95                      0.4778768851129441    1.000000000000000   0.0000000000000000
out_inst:0_usecol:2_direct_idx0:49.95                      0.5131454241772874   -1.000000000000000   0.0000000000000000
in_inst:0_usecol:1_direct_idx0:50.15                      0.4651192412943802    1.000000000000000   0.0000000000000000
out_inst:0_usecol:2_direct_idx0:50.15                      0.5211888254627306   -1.000000000000000   0.0000000000000000
in_inst:0_usecol:1_direct_idx0:50.35                      0.4435698163994892    1.000000000000000   0.0000000000000000
out_inst:0_usecol:2_direct_idx0:50.35                      0.5388311354085196   -1.000000000000000   0.0000000000000000
in_inst:0_usecol:1_direct_idx0:50.55                      0.4125366590369876    1.000000000000000   0.0000000000000000
out_inst:0_usecol:2_direct_idx0:50.55                      0.5689292314691085   -1.000000000000000   0.0000000000000000
in_inst:0_usecol:1_direct_idx0:50.75                      0.3714043164235605    1.000000000000000   0.0000000000000000
out_inst:0_usecol:2_direct_idx0:50.75                      0.6168262023793667   -1.000000000000000   0.0000000000000000
in_inst:0_usecol:1_direct_idx0:50.95                      0.3194552491530834    1.000000000000000   0.0000000000000000
out_inst:0_usecol:2_direct_idx0:50.95                      0.6920888916597933   -1.000000000000000   0.0000000000000000
in_inst:0_usecol:1_direct_idx0:51.15                      0.2503489742411556    1.000000000000000   0.0000000000000000
out_inst:0_usecol:2_direct_idx0:51.15                      0.8103703462867018   -1.000000000000000   0.0000000000000000
in_inst:0_usecol:1_direct_idx0:51.35                      0.3263299570474318    1.000000000000000   0.0000000000000000
out_inst:0_usecol:2_direct_idx0:51.35                      0.6957745882487687   -1.000000000000000   0.0000000000000000
in_inst:0_usecol:1_direct_idx0:51.55                      0.3883827043433938    1.000000000000000   0.0000000000000000
out_inst:0_usecol:2_direct_idx0:51.55                      0.6237446833504405   -1.000000000000000   0.0000000000000000
in_inst:0_usecol:1_direct_idx0:51.75                      0.4435671700270589    1.000000000000000   0.0000000000000000
out_inst:0_usecol:2_direct_idx0:51.75                      0.5793273939761029   -1.000000000000000   0.0000000000000000
in_inst:0_usecol:1_direct_idx0:51.95                      0.4939079824768129    1.000000000000000   0.0000000000000000
out_inst:0_usecol:2_direct_idx0:51.95                      0.5535117867282847   -1.000000000000000   0.0000000000000000
in_inst:0_usecol:1_direct_idx0:52.15                      0.5420357777758650    1.000000000000000   0.0000000000000000
out_inst:0_usecol:2_direct_idx0:52.15                      0.5415581638226775   -1.000000000000000   0.0000000000000000
in_inst:0_usecol:1_direct_idx0:52.35                      0.5916852149608509    1.000000000000000   0.0000000000000000
out_inst:0_usecol:2_direct_idx0:52.35                      0.5414163085070587   -1.000000000000000   0.0000000000000000
in_inst:0_usecol:1_direct_idx0:52.55                      0.6479993507192767    1.000000000000000   0.0000000000000000
out_inst:0_usecol:2_direct_idx0:52.55                      0.5530625075107967   -1.000000000000000   0.0000000000000000
in_inst:0_usecol:1_direct_idx0:52.75                      0.7183793180081667    1.000000000000000   0.0000000000000000
out_inst:0_usecol:2_direct_idx0:52.75                      0.5784929051934093   -1.000000000000000   0.0000000000000000
in_inst:0_usecol:1_direct_idx0:52.95                      0.8144343042560627    1.000000000000000   0.0000000000000000
out_inst:0_usecol:2_direct_idx0:52.95                      0.6223787547772104   -1.000000000000000   0.0000000000000000
in_inst:0_usecol:1_direct_idx0:53.15                      0.9569604773829570    1.000000000000000   0.0000000000000000
out_inst:0_usecol:2_direct_idx0:53.15                      0.6937683216957393   -1.000000000000000   0.0000000000000000
in_inst:0_usecol:1_direct_idx0:53.35                      1.198853936425960    1.000000000000000   0.0000000000000000
out_inst:0_usecol:2_direct_idx0:53.35                      0.8098885392104975   -1.000000000000000   0.0000000000000000
in_inst:0_usecol:1_direct_idx0:53.55                      1.895427511888264    1.000000000000000   0.0000000000000000
out_inst:0_usecol:2_direct_idx0:53.55                      1.003685250846838   -1.000000000000000   0.0000000000000000
in_inst:0_usecol:1_direct_idx0:53.75                      1.201850164929096    1.000000000000000   0.0000000000000000
out_inst:0_usecol:2_direct_idx0:53.75                      0.8085292971471153   -1.000000000000000   0.0000000000000000
in_inst:0_usecol:1_direct_idx0:53.95                      0.9618950899096108    1.000000000000000   0.0000000000000000
out_inst:0_usecol:2_direct_idx0:53.95                      0.6913254204792562   -1.000000000000000   0.0000000000000000
in_inst:0_usecol:1_direct_idx0:54.15                      0.8211553073216585    1.000000000000000   0.0000000000000000
out_inst:0_usecol:2_direct_idx0:54.15                      0.6188240280389919   -1.000000000000000   0.0000000000000000
in_inst:0_usecol:1_direct_idx0:54.35                      0.7270714022813054    1.000000000000000   0.0000000000000000
out_inst:0_usecol:2_direct_idx0:54.35                      0.5735958716399480   -1.000000000000000   0.0000000000000000
in_inst:0_usecol:1_direct_idx0:54.55                      0.6590682951556464    1.000000000000000   0.0000000000000000
out_inst:0_usecol:2_direct_idx0:54.55                      0.5463972913858997   -1.000000000000000   0.0000000000000000
in_inst:0_usecol:1_direct_idx0:54.75                      0.6057068087575207    1.000000000000000   0.0000000000000000
out_inst:0_usecol:2_direct_idx0:54.75                      0.5323109329759848   -1.000000000000000   0.0000000000000000
in_inst:0_usecol:1_direct_idx0:54.95                      0.5597166237595408    1.000000000000000   0.0000000000000000
out_inst:0_usecol:2_direct_idx0:54.95                      0.5289836487726908   -1.000000000000000   0.0000000000000000
in_inst:0_usecol:1_direct_idx0:55.15                      0.5160216520202441    1.000000000000000   0.0000000000000000
out_inst:0_usecol:2_direct_idx0:55.15                      0.5358790892508224   -1.000000000000000   0.0000000000000000
in_inst:0_usecol:1_direct_idx0:55.35                      0.4708350650210150    1.000000000000000   0.0000000000000000
out_inst:0_usecol:2_direct_idx0:55.35                      0.5541170720767614   -1.000000000000000   0.0000000000000000
in_inst:0_usecol:1_direct_idx0:55.55                      0.4213218091305873    1.000000000000000   0.0000000000000000
out_inst:0_usecol:2_direct_idx0:55.55                      0.5868127194464829   -1.000000000000000   0.0000000000000000
in_inst:0_usecol:1_direct_idx0:55.75                      0.3656241792982067    1.000000000000000   0.0000000000000000
out_inst:0_usecol:2_direct_idx0:55.75                      0.6400965031720300   -1.000000000000000   0.0000000000000000
in_inst:0_usecol:1_direct_idx0:55.95                      0.3028437788271726    1.000000000000000   0.0000000000000000
out_inst:0_usecol:2_direct_idx0:55.95                      0.7253566481554606   -1.000000000000000   0.0000000000000000
in_inst:0_usecol:1_direct_idx0:56.15                      0.2300339889463344    1.000000000000000   0.0000000000000000
out_inst:0_usecol:2_direct_idx0:56.15                      0.8631848096537522   -1.000000000000000   0.0000000000000000
in_inst:0_usecol:1_direct_idx0:56.35                      0.2958006568425395    1.000000000000000   0.0000000000000000
out_inst:0_usecol:2_direct_idx0:56.35                      0.7242914385888791   -1.000000000000000   0.0000000000000000
in_inst:0_usecol:1_direct_idx0:56.55                      0.3480128207476581    1.000000000000000   0.0000000000000000
out_inst:0_usecol:2_direct_idx0:56.55                      0.6381241023813170   -1.000000000000000   0.0000000000000000
in_inst:0_usecol:1_direct_idx0:56.75                      0.3889157142589963    1.000000000000000   0.0000000000000000
out_inst:0_usecol:2_direct_idx0:56.75                      0.5838793702477029   -1.000000000000000   0.0000000000000000
in_inst:0_usecol:1_direct_idx0:56.95                      0.4182053822188620    1.000000000000000   0.0000000000000000
out_inst:0_usecol:2_direct_idx0:56.95                      0.5500110828034279   -1.000000000000000   0.0000000000000000
in_inst:0_usecol:1_direct_idx0:57.15                      0.4359432518007615    1.000000000000000   0.0000000000000000
out_inst:0_usecol:2_direct_idx0:57.15                      0.5302248000031367   -1.000000000000000   0.0000000000000000
in_inst:0_usecol:1_direct_idx0:57.35                      0.4423890426295073    1.000000000000000   0.0000000000000000
out_inst:0_usecol:2_direct_idx0:57.35                      0.5211924939539518   -1.000000000000000   0.0000000000000000
in_inst:0_usecol:1_direct_idx0:57.55                      0.4376984575367860    1.000000000000000   0.0000000000000000
out_inst:0_usecol:2_direct_idx0:57.55                      0.5214823480480288   -1.000000000000000   0.0000000000000000
in_inst:0_usecol:1_direct_idx0:57.75                      0.4218038888757489    1.000000000000000   0.0000000000000000
out_inst:0_usecol:2_direct_idx0:57.75                      0.5311394451788648   -1.000000000000000   0.0000000000000000
in_inst:0_usecol:1_direct_idx0:57.95                      0.3944901878114328    1.000000000000000   0.0000000000000000
out_inst:0_usecol:2_direct_idx0:57.95                      0.5516982109874524   -1.000000000000000   0.0000000000000000
in_inst:0_usecol:1_direct_idx0:58.15                      0.3555999707103227    1.000000000000000   0.0000000000000000
out_inst:0_usecol:2_direct_idx0:58.15                      0.5866292383995781   -1.000000000000000   0.0000000000000000
in_inst:0_usecol:1_direct_idx0:58.35                      0.3046396433548783    1.000000000000000   0.0000000000000000
out_inst:0_usecol:2_direct_idx0:58.35                      0.6424051979220232   -1.000000000000000   0.0000000000000000
in_inst:0_usecol:1_direct_idx0:58.55                      0.2333552594526412    1.000000000000000   0.0000000000000000
out_inst:0_usecol:2_direct_idx0:58.55                      0.7300612486549509   -1.000000000000000   0.0000000000000000
in_inst:0_usecol:1_direct_idx0:58.75                      0.3057869087350638    1.000000000000000   0.0000000000000000
out_inst:0_usecol:2_direct_idx0:58.75                      0.6384805141610542   -1.000000000000000   0.0000000000000000
in_inst:0_usecol:1_direct_idx0:58.95                      0.3584182863013282    1.000000000000000   0.0000000000000000
out_inst:0_usecol:2_direct_idx0:58.95                      0.5791282652185752   -1.000000000000000   0.0000000000000000
in_inst:0_usecol:1_direct_idx0:59.15                      0.3995884300191319    1.000000000000000   0.0000000000000000
out_inst:0_usecol:2_direct_idx0:59.15                      0.5402890705551995   -1.000000000000000   0.0000000000000000
in_inst:0_usecol:1_direct_idx0:59.35                      0.4299476655720004    1.000000000000000   0.0000000000000000
out_inst:0_usecol:2_direct_idx0:59.35                      0.5149192811906456   -1.000000000000000   0.0000000000000000
in_inst:0_usecol:1_direct_idx0:59.55                      0.4498612485697801    1.000000000000000   0.0000000000000000
out_inst:0_usecol:2_direct_idx0:59.55                      0.4989180717329648   -1.000000000000000   0.0000000000000000
in_inst:0_usecol:1_direct_idx0:59.75                      0.4597902342074287    1.000000000000000   0.0000000000000000
out_inst:0_usecol:2_direct_idx0:59.75                      0.4899206245899216   -1.000000000000000   0.0000000000000000
in_inst:0_usecol:1_direct_idx0:59.95                      0.4600516841532105    1.000000000000000   0.0000000000000000
out_inst:0_usecol:2_direct_idx0:59.95                      0.4866741270295006   -1.000000000000000   0.0000000000000000
in_inst:0_usecol:1_direct_idx0:60.15                      0.4506723311788159    1.000000000000000   0.0000000000000000
out_inst:0_usecol:2_direct_idx0:60.15                      0.4887402383627598   -1.000000000000000   0.0000000000000000
in_inst:0_usecol:1_direct_idx0:60.35                      0.4313830351297247    1.000000000000000   0.0000000000000000
out_inst:0_usecol:2_direct_idx0:60.35                      0.4963970928593864   -1.000000000000000   0.0000000000000000
in_inst:0_usecol:1_direct_idx0:60.55                      0.4017486391248907    1.000000000000000   0.0000000000000000
out_inst:0_usecol:2_direct_idx0:60.55                      0.5107007688940639   -1.000000000000000   0.0000000000000000
in_inst:0_usecol:1_direct_idx0:60.75                      0.3613512662576155    1.000000000000000   0.0000000000000000
out_inst:0_usecol:2_direct_idx0:60.75                      0.5337277328515668   -1.000000000000000   0.0000000000000000
in_inst:0_usecol:1_direct_idx0:60.95                      0.3090128027694377    1.000000000000000   0.0000000000000000
out_inst:0_usecol:2_direct_idx0:60.95                      0.5690579559250051   -1.000000000000000   0.0000000000000000
in_inst:0_usecol:1_direct_idx0:61.15                      0.2322141284876893    1.000000000000000   0.0000000000000000
out_inst:0_usecol:2_direct_idx0:61.15                      0.6221404880804453   -1.000000000000000   0.0000000000000000
in_inst:0_usecol:1_direct_idx0:61.35                      0.3080361233186534    1.000000000000000   0.0000000000000000
out_inst:0_usecol:2_direct_idx0:61.35                      0.5678528631225925   -1.000000000000000   0.0000000000000000
in_inst:0_usecol:1_direct_idx0:61.55                      0.3589542321049233    1.000000000000000   0.0000000000000000
out_inst:0_usecol:2_direct_idx0:61.55                      0.5313569285202898   -1.000000000000000   0.0000000000000000
in_inst:0_usecol:1_direct_idx0:61.75                      0.3974328705847124    1.000000000000000   0.0000000000000000
out_inst:0_usecol:2_direct_idx0:61.75                      0.5070222497332065   -1.000000000000000   0.0000000000000000
in_inst:0_usecol:1_direct_idx0:61.95                      0.4245428675414264    1.000000000000000   0.0000000000000000
out_inst:0_usecol:2_direct_idx0:61.95                      0.4910997713358576   -1.000000000000000   0.0000000000000000
in_inst:0_usecol:1_direct_idx0:62.15                      0.4405676379956167    1.000000000000000   0.0000000000000000
out_inst:0_usecol:2_direct_idx0:62.15                      0.4813186311228205   -1.000000000000000   0.0000000000000000
in_inst:0_usecol:1_direct_idx0:62.35                      0.4457920884469758    1.000000000000000   0.0000000000000000
out_inst:0_usecol:2_direct_idx0:62.35                      0.4763678103963800   -1.000000000000000   0.0000000000000000
in_inst:0_usecol:1_direct_idx0:62.55                      0.4403460556832107    1.000000000000000   0.0000000000000000
out_inst:0_usecol:2_direct_idx0:62.55                      0.4756088337012087   -1.000000000000000   0.0000000000000000
in_inst:0_usecol:1_direct_idx0:62.75                      0.4241236857486240    1.000000000000000   0.0000000000000000
out_inst:0_usecol:2_direct_idx0:62.75                      0.4789453209905757   -1.000000000000000   0.0000000000000000
in_inst:0_usecol:1_direct_idx0:62.95                      0.3968598467491079    1.000000000000000   0.0000000000000000
out_inst:0_usecol:2_direct_idx0:62.95                      0.4868036311923429   -1.000000000000000   0.0000000000000000
in_inst:0_usecol:1_direct_idx0:63.15                      0.3582555871773888    1.000000000000000   0.0000000000000000
out_inst:0_usecol:2_direct_idx0:63.15                      0.5002147061862638   -1.000000000000000   0.0000000000000000
in_inst:0_usecol:1_direct_idx0:63.35                      0.3069087778775109    1.000000000000000   0.0000000000000000
out_inst:0_usecol:2_direct_idx0:63.35                      0.5209869519553555   -1.000000000000000   0.0000000000000000
in_inst:0_usecol:1_direct_idx0:63.55                      0.2274880332717575    1.000000000000000   0.0000000000000000
out_inst:0_usecol:2_direct_idx0:63.55                      0.5515267224712098   -1.000000000000000   0.0000000000000000
in_inst:0_usecol:1_direct_idx0:63.75                      0.3077873997657782    1.000000000000000   0.0000000000000000
out_inst:0_usecol:2_direct_idx0:63.75                      0.5191880178598638   -1.000000000000000   0.0000000000000000
in_inst:0_usecol:1_direct_idx0:63.95                      0.3604118233129327    1.000000000000000   0.0000000000000000
out_inst:0_usecol:2_direct_idx0:63.95                      0.4965944493383952   -1.000000000000000   0.0000000000000000
in_inst:0_usecol:1_direct_idx0:64.15                      0.4007453666995396    1.000000000000000   0.0000000000000000
out_inst:0_usecol:2_direct_idx0:64.15                      0.4810955415146680   -1.000000000000000   0.0000000000000000
in_inst:0_usecol:1_direct_idx0:64.35                      0.4303039069114200    1.000000000000000   0.0000000000000000
out_inst:0_usecol:2_direct_idx0:64.35                      0.4706340133962107   -1.000000000000000   0.0000000000000000
in_inst:0_usecol:1_direct_idx0:64.55                      0.4495355928001058    1.000000000000000   0.0000000000000000
out_inst:0_usecol:2_direct_idx0:64.55                      0.4638812830331805   -1.000000000000000   0.0000000000000000
in_inst:0_usecol:1_direct_idx0:64.75                      0.4588815191137670    1.000000000000000   0.0000000000000000
out_inst:0_usecol:2_direct_idx0:64.75                      0.4600177190070734   -1.000000000000000   0.0000000000000000
in_inst:0_usecol:1_direct_idx0:64.95                      0.4586260889662490    1.000000000000000   0.0000000000000000
out_inst:0_usecol:2_direct_idx0:64.95                      0.4585885477138808   -1.000000000000000   0.0000000000000000
in_inst:0_usecol:1_direct_idx0:65.15                      0.4487717952777016    1.000000000000000   0.0000000000000000
out_inst:0_usecol:2_direct_idx0:65.15                      0.4594281975928020   -1.000000000000000   0.0000000000000000
in_inst:0_usecol:1_direct_idx0:65.35                      0.4290411516744363    1.000000000000000   0.0000000000000000
out_inst:0_usecol:2_direct_idx0:65.35                      0.4626337774676600   -1.000000000000000   0.0000000000000000
in_inst:0_usecol:1_direct_idx0:65.55                      0.3990039462808511    1.000000000000000   0.0000000000000000
out_inst:0_usecol:2_direct_idx0:65.55                      0.4685802576486507   -1.000000000000000   0.0000000000000000
in_inst:0_usecol:1_direct_idx0:65.75                      0.3582104597438349    1.000000000000000   0.0000000000000000
out_inst:0_usecol:2_direct_idx0:65.75                      0.4779784534624099   -1.000000000000000   0.0000000000000000
in_inst:0_usecol:1_direct_idx0:65.95                      0.3049412826880145    1.000000000000000   0.0000000000000000
out_inst:0_usecol:2_direct_idx0:65.95                      0.4919540412222582   -1.000000000000000   0.0000000000000000
in_inst:0_usecol:1_direct_idx0:66.15                      0.2219582797526882    1.000000000000000   0.0000000000000000
out_inst:0_usecol:2_direct_idx0:66.15                      0.5116906250642853   -1.000000000000000   0.0000000000000000
in_inst:0_usecol:1_direct_idx0:66.35                      0.3038377533371304    1.000000000000000   0.0000000000000000
out_inst:0_usecol:2_direct_idx0:66.35                      0.4916546073023565   -1.000000000000000   0.0000000000000000
in_inst:0_usecol:1_direct_idx0:66.55                      0.3554895277243315    1.000000000000000   0.0000000000000000
out_inst:0_usecol:2_direct_idx0:66.55                      0.4773677134521754   -1.000000000000000   0.0000000000000000
in_inst:0_usecol:1_direct_idx0:66.75                      0.3940906335021201    1.000000000000000   0.0000000000000000
out_inst:0_usecol:2_direct_idx0:66.75                      0.4676084350009466   -1.000000000000000   0.0000000000000000
in_inst:0_usecol:1_direct_idx0:66.95                      0.4212292713444490    1.000000000000000   0.0000000000000000
out_inst:0_usecol:2_direct_idx0:66.95                      0.4612104829640857   -1.000000000000000   0.0000000000000000
in_inst:0_usecol:1_direct_idx0:67.15                      0.4371933921712513    1.000000000000000   0.0000000000000000
out_inst:0_usecol:2_direct_idx0:67.15                      0.4574137029814899   -1.000000000000000   0.0000000000000000
in_inst:0_usecol:1_direct_idx0:67.35                      0.4422334968750755    1.000000000000000   0.0000000000000000
out_inst:0_usecol:2_direct_idx0:67.35                      0.4557782693736523   -1.000000000000000   0.0000000000000000
in_inst:0_usecol:1_direct_idx0:67.55                      0.4364591872013840    1.000000000000000   0.0000000000000000
out_inst:0_usecol:2_direct_idx0:67.55                      0.4561177279120901   -1.000000000000000   0.0000000000000000
in_inst:0_usecol:1_direct_idx0:67.75                      0.4197670324909052    1.000000000000000   0.0000000000000000
out_inst:0_usecol:2_direct_idx0:67.75                      0.4584706225006934   -1.000000000000000   0.0000000000000000
in_inst:0_usecol:1_direct_idx0:67.95                      0.3919184014932396    1.000000000000000   0.0000000000000000
out_inst:0_usecol:2_direct_idx0:67.95                      0.4631060612212308   -1.000000000000000   0.0000000000000000
in_inst:0_usecol:1_direct_idx0:68.15                      0.3526383206691071    1.000000000000000   0.0000000000000000
out_inst:0_usecol:2_direct_idx0:68.15                      0.4705617801769465   -1.000000000000000   0.0000000000000000
in_inst:0_usecol:1_direct_idx0:68.35                      0.3002477113112076    1.000000000000000   0.0000000000000000
out_inst:0_usecol:2_direct_idx0:68.35                      0.4816860887810833   -1.000000000000000   0.0000000000000000
in_inst:0_usecol:1_direct_idx0:68.55                      0.2166049795014032    1.000000000000000   0.0000000000000000
out_inst:0_usecol:2_direct_idx0:68.55                      0.4972156894490357   -1.000000000000000   0.0000000000000000
in_inst:0_usecol:1_direct_idx0:68.75                      0.3009404069519220    1.000000000000000   0.0000000000000000
out_inst:0_usecol:2_direct_idx0:68.75                      0.4818608808942050   -1.000000000000000   0.0000000000000000
in_inst:0_usecol:1_direct_idx0:68.95                      0.3543485813119081    1.000000000000000   0.0000000000000000
out_inst:0_usecol:2_direct_idx0:68.95                      0.4709204405544757   -1.000000000000000   0.0000000000000000
in_inst:0_usecol:1_direct_idx0:69.15                      0.3950090624203149    1.000000000000000   0.0000000000000000
out_inst:0_usecol:2_direct_idx0:69.15                      0.4636793647047899   -1.000000000000000   0.0000000000000000
in_inst:0_usecol:1_direct_idx0:69.35                      0.4246895510503595    1.000000000000000   0.0000000000000000
out_inst:0_usecol:2_direct_idx0:69.35                      0.4593132337568603   -1.000000000000000   0.0000000000000000
in_inst:0_usecol:1_direct_idx0:69.55                      0.4437793791931926    1.000000000000000   0.0000000000000000
out_inst:0_usecol:2_direct_idx0:69.55                      0.4573137791953262   -1.000000000000000   0.0000000000000000
in_inst:0_usecol:1_direct_idx0:69.75                      0.4526496573078301    1.000000000000000   0.0000000000000000
out_inst:0_usecol:2_direct_idx0:69.75                      0.4574509878624184   -1.000000000000000   0.0000000000000000
in_inst:0_usecol:1_direct_idx0:69.95                      0.4515337793122257    1.000000000000000   0.0000000000000000
out_inst:0_usecol:2_direct_idx0:69.95                      0.4597405839526260   -1.000000000000000   0.0000000000000000
in_inst:0_usecol:1_direct_idx0:70.15                      0.4404094555899216    1.000000000000000   0.0000000000000000
out_inst:0_usecol:2_direct_idx0:70.15                      0.4644467769575969   -1.000000000000000   0.0000000000000000
in_inst:0_usecol:1_direct_idx0:70.35                      0.4190132592709899    1.000000000000000   0.0000000000000000
out_inst:0_usecol:2_direct_idx0:70.35                      0.4721241762234745   -1.000000000000000   0.0000000000000000
in_inst:0_usecol:1_direct_idx0:70.55                      0.3869911157046179    1.000000000000000   0.0000000000000000
out_inst:0_usecol:2_direct_idx0:70.55                      0.4837103720876979   -1.000000000000000   0.0000000000000000
in_inst:0_usecol:1_direct_idx0:70.75                      0.3440674324091482    1.000000000000000   0.0000000000000000
out_inst:0_usecol:2_direct_idx0:70.75                      0.5006925843066943   -1.000000000000000   0.0000000000000000
in_inst:0_usecol:1_direct_idx0:70.95                      0.2888621752650348    1.000000000000000   0.0000000000000000
out_inst:0_usecol:2_direct_idx0:70.95                      0.5253495719907718   -1.000000000000000   0.0000000000000000
in_inst:0_usecol:1_direct_idx0:71.15                      0.2052662087014220    1.000000000000000   0.0000000000000000
out_inst:0_usecol:2_direct_idx0:71.15                      0.5604577027084308   -1.000000000000000   0.0000000000000000
in_inst:0_usecol:1_direct_idx0:71.35                      0.2915604892738997    1.000000000000000   0.0000000000000000
out_inst:0_usecol:2_direct_idx0:71.35                      0.5244199784832034   -1.000000000000000   0.0000000000000000
tot_inst:0_usecol:1_direct                      8.442700086042322    1.000000000000000   0.0000000000000000
p_inst:0_usecol:1_direct_idx0:boreholedepth                      71.25000000000000    1.000000000000000   0.0000000000000000
p_inst:0_usecol:1_direct_idx0:spatialdiscretizationofgrid                      2.500000000000000    1.000000000000000   0.0000000000000000
p_inst:0_usecol:1_direct_idx0:constantboreholecross-sectionalarea                      0.03141592700000000    1.000000000000000   0.0000000000000000
p_inst:0_usecol:1_direct_idx0:dispersivity                      2.210446044732199    1.000000000000000   0.0000000000000000
p_inst:0_usecol:1_direct_idx0:diffusioncoefficient                      1.000000000000000e-09    1.000000000000000   0.0000000000000000
p_inst:0_usecol:1_direct_idx0:tracerconcentrationofwaterinflow                      0.0000000000000000    1.000000000000000   0.0000000000000000
p_inst:0_usecol:1_direct_idx0:watertemperature                      28.50000000000000    1.000000000000000   0.0000000000000000
p_inst:0_usecol:1_direct_idx0:alphamin                      0.2000000000000000    1.000000000000000   0.0000000000000000
p_inst:0_usecol:1_direct_idx0:alphamax                      1.500000000000000    1.000000000000000   0.0000000000000000
p_inst:0_usecol:1_direct_idx0:flowmin                      0.0000000000000000    1.000000000000000   0.0000000000000000
p_inst:0_usecol:1_direct_idx0:flowmax                      2.000000000000000    1.000000000000000   0.0000000000000000
