single point
in_inst:0_usecol:1_direct_idx0:18.75                      0.8915373461700000    1.000000000000000   0.0000000000000000
out_inst:0_usecol:2_direct_idx0:18.75                      0.3657232948600000   -1.000000000000000   0.0000000000000000
in_inst:0_usecol:1_direct_idx0:21.25                      1.644526173300000    1.000000000000000   0.0000000000000000
out_inst:0_usecol:2_direct_idx0:21.25                      0.2635908223600000   -1.000000000000000   0.0000000000000000
in_inst:0_usecol:1_direct_idx0:23.75                      1.273856212600000    1.000000000000000   0.0000000000000000
out_inst:0_usecol:2_direct_idx0:23.75                      0.2223426089300000   -1.000000000000000   0.0000000000000000
in_inst:0_usecol:1_direct_idx0:26.25                      1.073590775200000    1.000000000000000   0.0000000000000000
out_inst:0_usecol:2_direct_idx0:26.25                      0.2138133992400000   -1.000000000000000   0.0000000000000000
in_inst:0_usecol:1_direct_idx0:28.75                      0.9029242299300000    1.000000000000000   0.0000000000000000
out_inst:0_usecol:2_direct_idx0:28.75                      0.2320334228500000   -1.000000000000000   0.0000000000000000
in_inst:0_usecol:1_direct_idx0:31.25                      0.7287166189099999    1.000000000000000   0.0000000000000000
out_inst:0_usecol:2_direct_idx0:31.25                      0.2857646706100000   -1.000000000000000   0.0000000000000000
in_inst:0_usecol:1_direct_idx0:33.75                      0.6500832478500000    1.000000000000000   0.0000000000000000
out_inst:0_usecol:2_direct_idx0:33.75                      0.4134708144300000   -1.000000000000000   0.0000000000000000
in_inst:0_usecol:1_direct_idx0:36.25                      5.098650961700000    1.000000000000000   0.0000000000000000
out_inst:0_usecol:2_direct_idx0:36.25                      0.7828018166600000   -1.000000000000000   0.0000000000000000
in_inst:0_usecol:1_direct_idx0:38.75                      0.5218349600900000    1.000000000000000   0.0000000000000000
out_inst:0_usecol:2_direct_idx0:38.75                      0.7186490234900000   -1.000000000000000   0.0000000000000000
in_inst:0_usecol:1_direct_idx0:41.25                      0.3719252840200000    1.000000000000000   0.0000000000000000
out_inst:0_usecol:2_direct_idx0:41.25                      0.6231286481400000   -1.000000000000000   0.0000000000000000
in_inst:0_usecol:1_direct_idx0:43.75                      0.3488636959500000    1.000000000000000   0.0000000000000000
out_inst:0_usecol:2_direct_idx0:43.75                      0.6072431513700000   -1.000000000000000   0.0000000000000000
in_inst:0_usecol:1_direct_idx0:46.25                      0.3311104374800000    1.000000000000000   0.0000000000000000
out_inst:0_usecol:2_direct_idx0:46.25                      0.6935222544300000   -1.000000000000000   0.0000000000000000
in_inst:0_usecol:1_direct_idx0:48.75                      0.3987375876800000    1.000000000000000   0.0000000000000000
out_inst:0_usecol:2_direct_idx0:48.75                      0.9660529750400000   -1.000000000000000   0.0000000000000000
in_inst:0_usecol:1_direct_idx0:51.25                      2.641029479700000    1.000000000000000   0.0000000000000000
out_inst:0_usecol:2_direct_idx0:51.25                      1.820177937800000   -1.000000000000000   0.0000000000000000
in_inst:0_usecol:1_direct_idx0:53.75                      0.3348789301400000    1.000000000000000   0.0000000000000000
out_inst:0_usecol:2_direct_idx0:53.75                      0.9676324367300000   -1.000000000000000   0.0000000000000000
in_inst:0_usecol:1_direct_idx0:56.25                      0.2618588799300000    1.000000000000000   0.0000000000000000
out_inst:0_usecol:2_direct_idx0:56.25                      0.5998072332100000   -1.000000000000000   0.0000000000000000
in_inst:0_usecol:1_direct_idx0:58.75                      0.2652154029500000    1.000000000000000   0.0000000000000000
out_inst:0_usecol:2_direct_idx0:58.75                      0.4831972257900000   -1.000000000000000   0.0000000000000000
in_inst:0_usecol:1_direct_idx0:61.25                      0.2561090811000000    1.000000000000000   0.0000000000000000
out_inst:0_usecol:2_direct_idx0:61.25                      0.4661392965800000   -1.000000000000000   0.0000000000000000
in_inst:0_usecol:1_direct_idx0:63.75                      0.2342495811500000    1.000000000000000   0.0000000000000000
out_inst:0_usecol:2_direct_idx0:63.75                      0.4920695715500000   -1.000000000000000   0.0000000000000000
in_inst:0_usecol:1_direct_idx0:66.25                      0.2064399437200000    1.000000000000000   0.0000000000000000
out_inst:0_usecol:2_direct_idx0:66.25                      0.5163425404300001   -1.000000000000000   0.0000000000000000
in_inst:0_usecol:1_direct_idx0:68.75                      0.1907678411300000    1.000000000000000   0.0000000000000000
out_inst:0_usecol:2_direct_idx0:68.75                      0.4898671412300000   -1.000000000000000   0.0000000000000000
in_inst:0_usecol:1_direct_idx0:71.25                      0.4043371707600000    1.000000000000000   0.0000000000000000
out_inst:0_usecol:2_direct_idx0:71.25                      0.4339579752400000   -1.000000000000000   0.0000000000000000
tot_inst:0_usecol:1_direct                      0.8067744399800000    1.000000000000000   0.0000000000000000
p_inst:0_usecol:1_direct_idx0:boreholedepth                      71.25000000000000    1.000000000000000   0.0000000000000000
p_inst:0_usecol:1_direct_idx0:spatialdiscretizationofgrid                      2.500000000000000    1.000000000000000   0.0000000000000000
p_inst:0_usecol:1_direct_idx0:constantboreholecross-sectionalarea                      0.03141592700000000    1.000000000000000   0.0000000000000000
p_inst:0_usecol:1_direct_idx0:dispersivity                      1.383764955600000    1.000000000000000   0.0000000000000000
p_inst:0_usecol:1_direct_idx0:diffusioncoefficient                      1.000000000000000e-09    1.000000000000000   0.0000000000000000
p_inst:0_usecol:1_direct_idx0:tracerconcentrationofwaterinflow                      0.0000000000000000    1.000000000000000   0.0000000000000000
p_inst:0_usecol:1_direct_idx0:watertemperature                      28.50000000000000    1.000000000000000   0.0000000000000000
p_inst:0_usecol:1_direct_idx0:alphamin                      0.2000000000000000    1.000000000000000   0.0000000000000000
p_inst:0_usecol:1_direct_idx0:alphamax                      1.500000000000000    1.000000000000000   0.0000000000000000
p_inst:0_usecol:1_direct_idx0:flowmin                      0.0000000000000000    1.000000000000000   0.0000000000000000
p_inst:0_usecol:1_direct_idx0:flowmax                      2.000000000000000    1.000000000000000   0.0000000000000000
