single point
in_inst:0_usecol:1_direct_idx0:29.0                      0.8901832800052274    1.000000000000000   0.0000000000000000
out_inst:0_usecol:2_direct_idx0:29.0                      0.2380521616712590   -1.000000000000000   0.0000000000000000
in_inst:0_usecol:1_direct_idx0:30.0                      14.05336187168017    1.000000000000000   0.0000000000000000
out_inst:0_usecol:2_direct_idx0:30.0                      0.1195036440569796   -1.000000000000000   0.0000000000000000
in_inst:0_usecol:1_direct_idx0:31.0                      0.6366039307568585    1.000000000000000   0.0000000000000000
out_inst:0_usecol:2_direct_idx0:31.0                      0.1208404907350567   -1.000000000000000   0.0000000000000000
in_inst:0_usecol:1_direct_idx0:32.0                      3.476330994435930    1.000000000000000   0.0000000000000000
out_inst:0_usecol:2_direct_idx0:32.0                      0.1257018932365278   -1.000000000000000   0.0000000000000000
in_inst:0_usecol:1_direct_idx0:33.0                      1.751490732545672    1.000000000000000   0.0000000000000000
out_inst:0_usecol:2_direct_idx0:33.0                      0.1268411144884703   -1.000000000000000   0.0000000000000000
in_inst:0_usecol:1_direct_idx0:34.0                      2.614912693868697    1.000000000000000   0.0000000000000000
out_inst:0_usecol:2_direct_idx0:34.0                      0.1339876596267053   -1.000000000000000   0.0000000000000000
in_inst:0_usecol:1_direct_idx0:35.0                      2.595176878846296    1.000000000000000   0.0000000000000000
out_inst:0_usecol:2_direct_idx0:35.0                      0.1434745946970749   -1.000000000000000   0.0000000000000000
in_inst:0_usecol:1_direct_idx0:36.0                      1.844855156926267    1.000000000000000   0.0000000000000000
out_inst:0_usecol:2_direct_idx0:36.0                      0.1523906449098169   -1.000000000000000   0.0000000000000000
in_inst:0_usecol:1_direct_idx0:37.0                      0.3708502361268438    1.000000000000000   0.0000000000000000
out_inst:0_usecol:2_direct_idx0:37.0                      0.1514288942992444   -1.000000000000000   0.0000000000000000
in_inst:0_usecol:1_direct_idx0:38.0                      0.3743851200143894    1.000000000000000   0.0000000000000000
out_inst:0_usecol:2_direct_idx0:38.0                      0.1580163533450694   -1.000000000000000   0.0000000000000000
in_inst:0_usecol:1_direct_idx0:39.0                      0.3534104751897651    1.000000000000000   0.0000000000000000
out_inst:0_usecol:2_direct_idx0:39.0                      0.1689801286722934   -1.000000000000000   0.0000000000000000
in_inst:0_usecol:1_direct_idx0:40.0                      0.3754715454204304    1.000000000000000   0.0000000000000000
out_inst:0_usecol:2_direct_idx0:40.0                      0.1816742737462930   -1.000000000000000   0.0000000000000000
in_inst:0_usecol:1_direct_idx0:41.0                      0.4939490443109461    1.000000000000000   0.0000000000000000
out_inst:0_usecol:2_direct_idx0:41.0                      0.1985180258569358   -1.000000000000000   0.0000000000000000
in_inst:0_usecol:1_direct_idx0:42.0                      0.5914451235440130    1.000000000000000   0.0000000000000000
out_inst:0_usecol:2_direct_idx0:42.0                      0.2159179129778198   -1.000000000000000   0.0000000000000000
in_inst:0_usecol:1_direct_idx0:43.0                      0.7722296628199181    1.000000000000000   0.0000000000000000
out_inst:0_usecol:2_direct_idx0:43.0                      0.2426223697573933   -1.000000000000000   0.0000000000000000
in_inst:0_usecol:1_direct_idx0:44.0                      0.4019504813835981    1.000000000000000   0.0000000000000000
out_inst:0_usecol:2_direct_idx0:44.0                      0.2722749460752175   -1.000000000000000   0.0000000000000000
in_inst:0_usecol:1_direct_idx0:45.0                      0.3636569154627788    1.000000000000000   0.0000000000000000
out_inst:0_usecol:2_direct_idx0:45.0                      0.2966181539996350   -1.000000000000000   0.0000000000000000
in_inst:0_usecol:1_direct_idx0:46.0                      0.4019533923911804    1.000000000000000   0.0000000000000000
out_inst:0_usecol:2_direct_idx0:46.0                      0.3188890141003926   -1.000000000000000   0.0000000000000000
in_inst:0_usecol:1_direct_idx0:47.0                      0.4235088047217063    1.000000000000000   0.0000000000000000
out_inst:0_usecol:2_direct_idx0:47.0                      0.3389531319773433   -1.000000000000000   0.0000000000000000
in_inst:0_usecol:1_direct_idx0:48.0                      0.4005268968469597    1.000000000000000   0.0000000000000000
out_inst:0_usecol:2_direct_idx0:48.0                      0.3650853715309025   -1.000000000000000   0.0000000000000000
in_inst:0_usecol:1_direct_idx0:49.0                      0.3208874939828147    1.000000000000000   0.0000000000000000
out_inst:0_usecol:2_direct_idx0:49.0                      0.3922593615641701   -1.000000000000000   0.0000000000000000
in_inst:0_usecol:1_direct_idx0:50.0                      0.2813169025334101    1.000000000000000   0.0000000000000000
out_inst:0_usecol:2_direct_idx0:50.0                      0.4081144585909020   -1.000000000000000   0.0000000000000000
in_inst:0_usecol:1_direct_idx0:51.0                      0.2655494720316602    1.000000000000000   0.0000000000000000
out_inst:0_usecol:2_direct_idx0:51.0                      0.4248196879263960   -1.000000000000000   0.0000000000000000
in_inst:0_usecol:1_direct_idx0:52.0                      0.2324614309255330    1.000000000000000   0.0000000000000000
out_inst:0_usecol:2_direct_idx0:52.0                      0.4644185164241865   -1.000000000000000   0.0000000000000000
in_inst:0_usecol:1_direct_idx0:53.0                      0.2167468925552250    1.000000000000000   0.0000000000000000
out_inst:0_usecol:2_direct_idx0:53.0                      0.4689978175034080   -1.000000000000000   0.0000000000000000
in_inst:0_usecol:1_direct_idx0:54.0                      0.2450350244598510    1.000000000000000   0.0000000000000000
out_inst:0_usecol:2_direct_idx0:54.0                      0.4814312067855732   -1.000000000000000   0.0000000000000000
in_inst:0_usecol:1_direct_idx0:55.0                      0.2778680241419494    1.000000000000000   0.0000000000000000
out_inst:0_usecol:2_direct_idx0:55.0                      0.4847806964493124   -1.000000000000000   0.0000000000000000
in_inst:0_usecol:1_direct_idx0:56.0                      0.3009776156217346    1.000000000000000   0.0000000000000000
out_inst:0_usecol:2_direct_idx0:56.0                      0.4907064045571412   -1.000000000000000   0.0000000000000000
in_inst:0_usecol:1_direct_idx0:57.0                      0.3013732325168740    1.000000000000000   0.0000000000000000
out_inst:0_usecol:2_direct_idx0:57.0                      0.5062528900530573   -1.000000000000000   0.0000000000000000
in_inst:0_usecol:1_direct_idx0:58.0                      0.3115840315426865    1.000000000000000   0.0000000000000000
out_inst:0_usecol:2_direct_idx0:58.0                      0.5060213413947199   -1.000000000000000   0.0000000000000000
in_inst:0_usecol:1_direct_idx0:59.0                      0.3748225493373299    1.000000000000000   0.0000000000000000
out_inst:0_usecol:2_direct_idx0:59.0                      0.5074905600083264   -1.000000000000000   0.0000000000000000
in_inst:0_usecol:1_direct_idx0:60.0                      0.3799786824204715    1.000000000000000   0.0000000000000000
out_inst:0_usecol:2_direct_idx0:60.0                      0.5012177673918016   -1.000000000000000   0.0000000000000000
in_inst:0_usecol:1_direct_idx0:61.0                      0.3083136090005716    1.000000000000000   0.0000000000000000
out_inst:0_usecol:2_direct_idx0:61.0                      0.5207384022059169   -1.000000000000000   0.0000000000000000
in_inst:0_usecol:1_direct_idx0:62.0                      0.2815598954188482    1.000000000000000   0.0000000000000000
out_inst:0_usecol:2_direct_idx0:62.0                      0.5205761734817070   -1.000000000000000   0.0000000000000000
in_inst:0_usecol:1_direct_idx0:63.0                      0.4558342891429231    1.000000000000000   0.0000000000000000
out_inst:0_usecol:2_direct_idx0:63.0                      0.4954756101522929   -1.000000000000000   0.0000000000000000
in_inst:0_usecol:1_direct_idx0:64.0                      0.6371279492029137    1.000000000000000   0.0000000000000000
out_inst:0_usecol:2_direct_idx0:64.0                      0.4863224476977310   -1.000000000000000   0.0000000000000000
in_inst:0_usecol:1_direct_idx0:65.0                      0.6923283715406845    1.000000000000000   0.0000000000000000
out_inst:0_usecol:2_direct_idx0:65.0                      0.4836514903868301   -1.000000000000000   0.0000000000000000
in_inst:0_usecol:1_direct_idx0:66.0                      1.017088403284311    1.000000000000000   0.0000000000000000
out_inst:0_usecol:2_direct_idx0:66.0                      0.4789844388929387   -1.000000000000000   0.0000000000000000
in_inst:0_usecol:1_direct_idx0:67.0                      0.9906730556553310    1.000000000000000   0.0000000000000000
out_inst:0_usecol:2_direct_idx0:67.0                      0.4759323517921250   -1.000000000000000   0.0000000000000000
in_inst:0_usecol:1_direct_idx0:68.0                      0.7008756928254466    1.000000000000000   0.0000000000000000
out_inst:0_usecol:2_direct_idx0:68.0                      0.4762249261069083   -1.000000000000000   0.0000000000000000
in_inst:0_usecol:1_direct_idx0:69.0                      0.5849952859722086    1.000000000000000   0.0000000000000000
out_inst:0_usecol:2_direct_idx0:69.0                      0.4751711819509323   -1.000000000000000   0.0000000000000000
in_inst:0_usecol:1_direct_idx0:70.0                      0.6400531028970712    1.000000000000000   0.0000000000000000
out_inst:0_usecol:2_direct_idx0:70.0                      0.4749448122279946   -1.000000000000000   0.0000000000000000
in_inst:0_usecol:1_direct_idx0:71.0                      0.4039007211756316    1.000000000000000   0.0000000000000000
out_inst:0_usecol:2_direct_idx0:71.0                      0.4761462765737869   -1.000000000000000   0.0000000000000000
in_inst:0_usecol:1_direct_idx0:72.0                      0.2983415555056070    1.000000000000000   0.0000000000000000
out_inst:0_usecol:2_direct_idx0:72.0                      0.4806907608419786   -1.000000000000000   0.0000000000000000
in_inst:0_usecol:1_direct_idx0:73.0                      0.2503669596259665    1.000000000000000   0.0000000000000000
out_inst:0_usecol:2_direct_idx0:73.0                      0.4783000832471050   -1.000000000000000   0.0000000000000000
in_inst:0_usecol:1_direct_idx0:74.0                      0.2182737711898394    1.000000000000000   0.0000000000000000
out_inst:0_usecol:2_direct_idx0:74.0                      0.4802757326146962   -1.000000000000000   0.0000000000000000
in_inst:0_usecol:1_direct_idx0:75.0                      0.2019112623924371    1.000000000000000   0.0000000000000000
out_inst:0_usecol:2_direct_idx0:75.0                      0.4824233565505354   -1.000000000000000   0.0000000000000000
in_inst:0_usecol:1_direct_idx0:76.0                      0.2158402596029430    1.000000000000000   0.0000000000000000
out_inst:0_usecol:2_direct_idx0:76.0                      0.4954907822153660   -1.000000000000000   0.0000000000000000
in_inst:0_usecol:1_direct_idx0:77.0                      0.2988508967265636    1.000000000000000   0.0000000000000000
out_inst:0_usecol:2_direct_idx0:77.0                      0.5434742766939058   -1.000000000000000   0.0000000000000000
in_inst:0_usecol:1_direct_idx0:78.0                      0.2111641273727274    1.000000000000000   0.0000000000000000
out_inst:0_usecol:2_direct_idx0:78.0                      0.6545268039019339   -1.000000000000000   0.0000000000000000
in_inst:0_usecol:1_direct_idx0:79.0                      0.3102111556463537    1.000000000000000   0.0000000000000000
out_inst:0_usecol:2_direct_idx0:79.0                      0.8255810321562589   -1.000000000000000   0.0000000000000000
in_inst:0_usecol:1_direct_idx0:80.0                      0.2691093943535572    1.000000000000000   0.0000000000000000
out_inst:0_usecol:2_direct_idx0:80.0                      0.7546265590047921   -1.000000000000000   0.0000000000000000
in_inst:0_usecol:1_direct_idx0:81.0                      0.2535945956452228    1.000000000000000   0.0000000000000000
out_inst:0_usecol:2_direct_idx0:81.0                      0.8311075172684055   -1.000000000000000   0.0000000000000000
in_inst:0_usecol:1_direct_idx0:82.0                      7.858450301459794    1.000000000000000   0.0000000000000000
out_inst:0_usecol:2_direct_idx0:82.0                      37.68011327548531   -1.000000000000000   0.0000000000000000
in_inst:0_usecol:1_direct_idx0:83.0                      21.09359632034685    1.000000000000000   0.0000000000000000
out_inst:0_usecol:2_direct_idx0:83.0                      327.9849847181925   -1.000000000000000   0.0000000000000000
in_inst:0_usecol:1_direct_idx0:84.0                      0.008957223971749105    1.000000000000000   0.0000000000000000
out_inst:0_usecol:2_direct_idx0:84.0                      14.49807565073608   -1.000000000000000   0.0000000000000000
in_inst:0_usecol:1_direct_idx0:85.0                      1.711881211667695    1.000000000000000   0.0000000000000000
out_inst:0_usecol:2_direct_idx0:85.0                      0.1823142802244664   -1.000000000000000   0.0000000000000000
in_inst:0_usecol:1_direct_idx0:86.0                      0.05407334543594780    1.000000000000000   0.0000000000000000
out_inst:0_usecol:2_direct_idx0:86.0                      10.95704579788286   -1.000000000000000   0.0000000000000000
in_inst:0_usecol:1_direct_idx0:87.0                      3.045014806618324    1.000000000000000   0.0000000000000000
out_inst:0_usecol:2_direct_idx0:87.0                      32.05887563174182   -1.000000000000000   0.0000000000000000
in_inst:0_usecol:1_direct_idx0:88.0                      0.5240343383740218    1.000000000000000   0.0000000000000000
out_inst:0_usecol:2_direct_idx0:88.0                      0.3930222124460925   -1.000000000000000   0.0000000000000000
tot_inst:0_usecol:1_direct                      0.1608237780895849    1.000000000000000   0.0000000000000000
p_inst:0_usecol:1_direct_idx0:boreholedepth[l]                      88.20999999999999    1.000000000000000   0.0000000000000000
p_inst:0_usecol:1_direct_idx0:spatialdiscretizationofgrid[l]                      1.000000000000000    1.000000000000000   0.0000000000000000
p_inst:0_usecol:1_direct_idx0:constantboreholecross-sectionalarea[l^2]                      0.01350000000000000    1.000000000000000   0.0000000000000000
p_inst:0_usecol:1_direct_idx0:dispersivity[l^-1]                      2.589563730192508    1.000000000000000   0.0000000000000000
p_inst:0_usecol:1_direct_idx0:diffusioncoefficient[l^2/t]                      1.000000000000000e-09    1.000000000000000   0.0000000000000000
p_inst:0_usecol:1_direct_idx0:tracerconcentrationofwaterinflow[m/l^3]                      0.0000000000000000    1.000000000000000   0.0000000000000000
p_inst:0_usecol:1_direct_idx0:watertemperature[celsius](onlyreadifaboveisfec)                      27.70000000000000    1.000000000000000   0.0000000000000000
p_inst:0_usecol:1_direct_idx0:alphamin                      0.2000000000000000    1.000000000000000   0.0000000000000000
p_inst:0_usecol:1_direct_idx0:alphamax                      0.6000000000000000    1.000000000000000   0.0000000000000000
p_inst:0_usecol:1_direct_idx0:flowmin                      1.000000000000000    1.000000000000000   0.0000000000000000
p_inst:0_usecol:1_direct_idx0:flowmax                      4.000000000000000    1.000000000000000   0.0000000000000000
