single point
in_inst:0_usecol:1_direct_idx0:18.75                      0.4923694714253906    1.000000000000000   0.0000000000000000
out_inst:0_usecol:2_direct_idx0:18.75                      0.4999755676307441   -1.000000000000000   0.0000000000000000
in_inst:0_usecol:1_direct_idx0:18.95                      0.4932144440737961    1.000000000000000   0.0000000000000000
out_inst:0_usecol:2_direct_idx0:18.95                      0.4999817767972982   -1.000000000000000   0.0000000000000000
in_inst:0_usecol:1_direct_idx0:19.15                      0.4941887302466746    1.000000000000000   0.0000000000000000
out_inst:0_usecol:2_direct_idx0:19.15                      0.4999861675779723   -1.000000000000000   0.0000000000000000
in_inst:0_usecol:1_direct_idx0:19.35                      0.4951834652699872    1.000000000000000   0.0000000000000000
out_inst:0_usecol:2_direct_idx0:19.35                      0.4999891765764348   -1.000000000000000   0.0000000000000000
in_inst:0_usecol:1_direct_idx0:19.55                      0.4961129027052795    1.000000000000000   0.0000000000000000
out_inst:0_usecol:2_direct_idx0:19.55                      0.4999911033879722   -1.000000000000000   0.0000000000000000
in_inst:0_usecol:1_direct_idx0:19.75                      0.4969275772653603    1.000000000000000   0.0000000000000000
out_inst:0_usecol:2_direct_idx0:19.75                      0.4999921400254193   -1.000000000000000   0.0000000000000000
in_inst:0_usecol:1_direct_idx0:19.95                      0.4976103686367358    1.000000000000000   0.0000000000000000
out_inst:0_usecol:2_direct_idx0:19.95                      0.4999923898469202   -1.000000000000000   0.0000000000000000
in_inst:0_usecol:1_direct_idx0:20.15                      0.4981661415631793    1.000000000000000   0.0000000000000000
out_inst:0_usecol:2_direct_idx0:20.15                      0.4999918777666212   -1.000000000000000   0.0000000000000000
in_inst:0_usecol:1_direct_idx0:20.35                      0.4986117752512160    1.000000000000000   0.0000000000000000
out_inst:0_usecol:2_direct_idx0:20.35                      0.4999905527182431   -1.000000000000000   0.0000000000000000
in_inst:0_usecol:1_direct_idx0:20.55                      0.4989691205682555    1.000000000000000   0.0000000000000000
out_inst:0_usecol:2_direct_idx0:20.55                      0.4999882826064922   -1.000000000000000   0.0000000000000000
in_inst:0_usecol:1_direct_idx0:20.75                      0.4992610031327798    1.000000000000000   0.0000000000000000
out_inst:0_usecol:2_direct_idx0:20.75                      0.4999848412651922   -1.000000000000000   0.0000000000000000
in_inst:0_usecol:1_direct_idx0:20.95                      0.4995095427492777    1.000000000000000   0.0000000000000000
out_inst:0_usecol:2_direct_idx0:20.95                      0.4999798861864359   -1.000000000000000   0.0000000000000000
in_inst:0_usecol:1_direct_idx0:21.15                      0.4997360211123247    1.000000000000000   0.0000000000000000
out_inst:0_usecol:2_direct_idx0:21.15                      0.4999729249347905   -1.000000000000000   0.0000000000000000
in_inst:0_usecol:1_direct_idx0:21.35                      0.5000220301316055    1.000000000000000   0.0000000000000000
out_inst:0_usecol:2_direct_idx0:21.35                      0.4999798489438743   -1.000000000000000   0.0000000000000000
in_inst:0_usecol:1_direct_idx0:21.55                      0.5003405158683574    1.000000000000000   0.0000000000000000
out_inst:0_usecol:2_direct_idx0:21.55                      0.4999847630119897   -1.000000000000000   0.0000000000000000
in_inst:0_usecol:1_direct_idx0:21.75                      0.5007279982657368    1.000000000000000   0.0000000000000000
out_inst:0_usecol:2_direct_idx0:21.75                      0.4999881554889221   -1.000000000000000   0.0000000000000000
in_inst:0_usecol:1_direct_idx0:21.95                      0.5012337513134957    1.000000000000000   0.0000000000000000
out_inst:0_usecol:2_direct_idx0:21.95                      0.4999903640069656   -1.000000000000000   0.0000000000000000
in_inst:0_usecol:1_direct_idx0:22.15                      0.5019299980776046    1.000000000000000   0.0000000000000000
out_inst:0_usecol:2_direct_idx0:22.15                      0.4999916085835820   -1.000000000000000   0.0000000000000000
in_inst:0_usecol:1_direct_idx0:22.35                      0.5029306025373598    1.000000000000000   0.0000000000000000
out_inst:0_usecol:2_direct_idx0:22.35                      0.4999920132817402   -1.000000000000000   0.0000000000000000
in_inst:0_usecol:1_direct_idx0:22.55                      0.5044278965366398    1.000000000000000   0.0000000000000000
out_inst:0_usecol:2_direct_idx0:22.55                      0.4999916184546378   -1.000000000000000   0.0000000000000000
in_inst:0_usecol:1_direct_idx0:22.75                      0.5067710290583181    1.000000000000000   0.0000000000000000
out_inst:0_usecol:2_direct_idx0:22.75                      0.4999903847332700   -1.000000000000000   0.0000000000000000
in_inst:0_usecol:1_direct_idx0:22.95                      0.5106475993542817    1.000000000000000   0.0000000000000000
out_inst:0_usecol:2_direct_idx0:22.95                      0.4999881891360872   -1.000000000000000   0.0000000000000000
in_inst:0_usecol:1_direct_idx0:23.15                      0.5175492485094374    1.000000000000000   0.0000000000000000
out_inst:0_usecol:2_direct_idx0:23.15                      0.4999848129307353   -1.000000000000000   0.0000000000000000
in_inst:0_usecol:1_direct_idx0:23.35                      0.5311194456225778    1.000000000000000   0.0000000000000000
out_inst:0_usecol:2_direct_idx0:23.35                      0.4999799200993735   -1.000000000000000   0.0000000000000000
in_inst:0_usecol:1_direct_idx0:23.55                      0.5616895267447530    1.000000000000000   0.0000000000000000
out_inst:0_usecol:2_direct_idx0:23.55                      0.4999730243922734   -1.000000000000000   0.0000000000000000
in_inst:0_usecol:1_direct_idx0:23.75                      0.5318126498313681    1.000000000000000   0.0000000000000000
out_inst:0_usecol:2_direct_idx0:23.75                      0.4999800240567641   -1.000000000000000   0.0000000000000000
in_inst:0_usecol:1_direct_idx0:23.95                      0.5185196260747061    1.000000000000000   0.0000000000000000
out_inst:0_usecol:2_direct_idx0:23.95                      0.4999850313639658   -1.000000000000000   0.0000000000000000
in_inst:0_usecol:1_direct_idx0:24.15                      0.5118242879806150    1.000000000000000   0.0000000000000000
out_inst:0_usecol:2_direct_idx0:24.15                      0.4999885439686971   -1.000000000000000   0.0000000000000000
in_inst:0_usecol:1_direct_idx0:24.35                      0.5081900383996824    1.000000000000000   0.0000000000000000
out_inst:0_usecol:2_direct_idx0:24.35                      0.4999909114994420   -1.000000000000000   0.0000000000000000
in_inst:0_usecol:1_direct_idx0:24.55                      0.5061804729022737    1.000000000000000   0.0000000000000000
out_inst:0_usecol:2_direct_idx0:24.55                      0.4999923698538388   -1.000000000000000   0.0000000000000000
in_inst:0_usecol:1_direct_idx0:24.75                      0.5051611415521148    1.000000000000000   0.0000000000000000
out_inst:0_usecol:2_direct_idx0:24.75                      0.4999930644383978   -1.000000000000000   0.0000000000000000
in_inst:0_usecol:1_direct_idx0:24.95                      0.5048561610059955    1.000000000000000   0.0000000000000000
out_inst:0_usecol:2_direct_idx0:24.95                      0.4999930645335495   -1.000000000000000   0.0000000000000000
in_inst:0_usecol:1_direct_idx0:25.15                      0.5051891721563877    1.000000000000000   0.0000000000000000
out_inst:0_usecol:2_direct_idx0:25.15                      0.4999923701487857   -1.000000000000000   0.0000000000000000
in_inst:0_usecol:1_direct_idx0:25.35                      0.5062436964198120    1.000000000000000   0.0000000000000000
out_inst:0_usecol:2_direct_idx0:25.35                      0.4999909120235995   -1.000000000000000   0.0000000000000000
in_inst:0_usecol:1_direct_idx0:25.55                      0.5083066016463245    1.000000000000000   0.0000000000000000
out_inst:0_usecol:2_direct_idx0:25.55                      0.4999885447743139   -1.000000000000000   0.0000000000000000
in_inst:0_usecol:1_direct_idx0:25.75                      0.5120345822500610    1.000000000000000   0.0000000000000000
out_inst:0_usecol:2_direct_idx0:25.75                      0.4999850325312791   -1.000000000000000   0.0000000000000000
in_inst:0_usecol:1_direct_idx0:25.95                      0.5189176530325020    1.000000000000000   0.0000000000000000
out_inst:0_usecol:2_direct_idx0:25.95                      0.4999800257018908   -1.000000000000000   0.0000000000000000
in_inst:0_usecol:1_direct_idx0:26.15                      0.5326424737768076    1.000000000000000   0.0000000000000000
out_inst:0_usecol:2_direct_idx0:26.15                      0.4999730266785703   -1.000000000000000   0.0000000000000000
in_inst:0_usecol:1_direct_idx0:26.35                      0.5187560825828608    1.000000000000000   0.0000000000000000
out_inst:0_usecol:2_direct_idx0:26.35                      0.4999799232592539   -1.000000000000000   0.0000000000000000
in_inst:0_usecol:1_direct_idx0:26.55                      0.5117802778111173    1.000000000000000   0.0000000000000000
out_inst:0_usecol:2_direct_idx0:26.55                      0.4999848172808116   -1.000000000000000   0.0000000000000000
in_inst:0_usecol:1_direct_idx0:26.75                      0.5079687457503845    1.000000000000000   0.0000000000000000
out_inst:0_usecol:2_direct_idx0:26.75                      0.4999881951119007   -1.000000000000000   0.0000000000000000
in_inst:0_usecol:1_direct_idx0:26.95                      0.5058047501822330    1.000000000000000   0.0000000000000000
out_inst:0_usecol:2_direct_idx0:26.95                      0.4999903929327775   -1.000000000000000   0.0000000000000000
in_inst:0_usecol:1_direct_idx0:27.15                      0.5046105785707227    1.000000000000000   0.0000000000000000
out_inst:0_usecol:2_direct_idx0:27.15                      0.4999916296978757   -1.000000000000000   0.0000000000000000
in_inst:0_usecol:1_direct_idx0:27.35                      0.5040725875235841    1.000000000000000   0.0000000000000000
out_inst:0_usecol:2_direct_idx0:27.35                      0.4999920286925780   -1.000000000000000   0.0000000000000000
in_inst:0_usecol:1_direct_idx0:27.55                      0.5040639850571574    1.000000000000000   0.0000000000000000
out_inst:0_usecol:2_direct_idx0:27.55                      0.4999916297016350   -1.000000000000000   0.0000000000000000
in_inst:0_usecol:1_direct_idx0:27.75                      0.5045828181327764    1.000000000000000   0.0000000000000000
out_inst:0_usecol:2_direct_idx0:27.75                      0.4999903929406698   -1.000000000000000   0.0000000000000000
in_inst:0_usecol:1_direct_idx0:27.95                      0.5057510663303904    1.000000000000000   0.0000000000000000
out_inst:0_usecol:2_direct_idx0:27.95                      0.4999881951247131   -1.000000000000000   0.0000000000000000
in_inst:0_usecol:1_direct_idx0:28.15                      0.5078740996297787    1.000000000000000   0.0000000000000000
out_inst:0_usecol:2_direct_idx0:28.15                      0.4999848172998200   -1.000000000000000   0.0000000000000000
in_inst:0_usecol:1_direct_idx0:28.35                      0.5116121625798489    1.000000000000000   0.0000000000000000
out_inst:0_usecol:2_direct_idx0:28.35                      0.4999799232863494   -1.000000000000000   0.0000000000000000
in_inst:0_usecol:1_direct_idx0:28.55                      0.5184392995355309    1.000000000000000   0.0000000000000000
out_inst:0_usecol:2_direct_idx0:28.55                      0.4999730267164431   -1.000000000000000   0.0000000000000000
in_inst:0_usecol:1_direct_idx0:28.75                      0.5113136546433860    1.000000000000000   0.0000000000000000
out_inst:0_usecol:2_direct_idx0:28.75                      0.4999800257543940   -1.000000000000000   0.0000000000000000
in_inst:0_usecol:1_direct_idx0:28.95                      0.5073659938577125    1.000000000000000   0.0000000000000000
out_inst:0_usecol:2_direct_idx0:28.95                      0.4999850326036747   -1.000000000000000   0.0000000000000000
in_inst:0_usecol:1_direct_idx0:29.15                      0.5050377445680829    1.000000000000000   0.0000000000000000
out_inst:0_usecol:2_direct_idx0:29.15                      0.4999885448738512   -1.000000000000000   0.0000000000000000
in_inst:0_usecol:1_direct_idx0:29.35                      0.5036206091839329    1.000000000000000   0.0000000000000000
out_inst:0_usecol:2_direct_idx0:29.35                      0.4999909121602402   -1.000000000000000   0.0000000000000000
in_inst:0_usecol:1_direct_idx0:29.55                      0.5027652194556134    1.000000000000000   0.0000000000000000
out_inst:0_usecol:2_direct_idx0:29.55                      0.4999923703361979   -1.000000000000000   0.0000000000000000
in_inst:0_usecol:1_direct_idx0:29.75                      0.5022918988921053    1.000000000000000   0.0000000000000000
out_inst:0_usecol:2_direct_idx0:29.75                      0.4999930647904721   -1.000000000000000   0.0000000000000000
in_inst:0_usecol:1_direct_idx0:29.95                      0.5021115804832901    1.000000000000000   0.0000000000000000
out_inst:0_usecol:2_direct_idx0:29.95                      0.4999930647905084   -1.000000000000000   0.0000000000000000
in_inst:0_usecol:1_direct_idx0:30.15                      0.5021923010556433    1.000000000000000   0.0000000000000000
out_inst:0_usecol:2_direct_idx0:30.15                      0.4999923703363105   -1.000000000000000   0.0000000000000000
in_inst:0_usecol:1_direct_idx0:30.35                      0.5025482341300941    1.000000000000000   0.0000000000000000
out_inst:0_usecol:2_direct_idx0:30.35                      0.4999909121604397   -1.000000000000000   0.0000000000000000
in_inst:0_usecol:1_direct_idx0:30.55                      0.5032444801775411    1.000000000000000   0.0000000000000000
out_inst:0_usecol:2_direct_idx0:30.55                      0.4999885448741579   -1.000000000000000   0.0000000000000000
in_inst:0_usecol:1_direct_idx0:30.75                      0.5044205234267982    1.000000000000000   0.0000000000000000
out_inst:0_usecol:2_direct_idx0:30.75                      0.4999850326041186   -1.000000000000000   0.0000000000000000
in_inst:0_usecol:1_direct_idx0:30.95                      0.5063477107472838    1.000000000000000   0.0000000000000000
out_inst:0_usecol:2_direct_idx0:30.95                      0.4999800257550194   -1.000000000000000   0.0000000000000000
in_inst:0_usecol:1_direct_idx0:31.15                      0.5095644728433609    1.000000000000000   0.0000000000000000
out_inst:0_usecol:2_direct_idx0:31.15                      0.4999730267173118   -1.000000000000000   0.0000000000000000
in_inst:0_usecol:1_direct_idx0:31.35                      0.5062410151990032    1.000000000000000   0.0000000000000000
out_inst:0_usecol:2_direct_idx0:31.35                      0.4999799232875515   -1.000000000000000   0.0000000000000000
in_inst:0_usecol:1_direct_idx0:31.55                      0.5042256755489157    1.000000000000000   0.0000000000000000
out_inst:0_usecol:2_direct_idx0:31.55                      0.4999848173014761   -1.000000000000000   0.0000000000000000
in_inst:0_usecol:1_direct_idx0:31.75                      0.5029574982892399    1.000000000000000   0.0000000000000000
out_inst:0_usecol:2_direct_idx0:31.75                      0.4999881951269884   -1.000000000000000   0.0000000000000000
in_inst:0_usecol:1_direct_idx0:31.95                      0.5021491925068902    1.000000000000000   0.0000000000000000
out_inst:0_usecol:2_direct_idx0:31.95                      0.4999903929437922   -1.000000000000000   0.0000000000000000
in_inst:0_usecol:1_direct_idx0:32.15                      0.5016451381910467    1.000000000000000   0.0000000000000000
out_inst:0_usecol:2_direct_idx0:32.15                      0.4999916297059160   -1.000000000000000   0.0000000000000000
in_inst:0_usecol:1_direct_idx0:32.35                      0.5013593913490070    1.000000000000000   0.0000000000000000
out_inst:0_usecol:2_direct_idx0:32.35                      0.4999920286984461   -1.000000000000000   0.0000000000000000
in_inst:0_usecol:1_direct_idx0:32.55                      0.5012470746610843    1.000000000000000   0.0000000000000000
out_inst:0_usecol:2_direct_idx0:32.55                      0.4999916297059176   -1.000000000000000   0.0000000000000000
in_inst:0_usecol:1_direct_idx0:32.75                      0.5012913164782766    1.000000000000000   0.0000000000000000
out_inst:0_usecol:2_direct_idx0:32.75                      0.4999903929437952   -1.000000000000000   0.0000000000000000
in_inst:0_usecol:1_direct_idx0:32.95                      0.5014987106785349    1.000000000000000   0.0000000000000000
out_inst:0_usecol:2_direct_idx0:32.95                      0.4999881951269933   -1.000000000000000   0.0000000000000000
in_inst:0_usecol:1_direct_idx0:33.15                      0.5019010659128880    1.000000000000000   0.0000000000000000
out_inst:0_usecol:2_direct_idx0:33.15                      0.4999848173014829   -1.000000000000000   0.0000000000000000
in_inst:0_usecol:1_direct_idx0:33.35                      0.5025642895396324    1.000000000000000   0.0000000000000000
out_inst:0_usecol:2_direct_idx0:33.35                      0.4999799232875614   -1.000000000000000   0.0000000000000000
in_inst:0_usecol:1_direct_idx0:33.55                      0.5036089665238009    1.000000000000000   0.0000000000000000
out_inst:0_usecol:2_direct_idx0:33.55                      0.4999730267173256   -1.000000000000000   0.0000000000000000
in_inst:0_usecol:1_direct_idx0:33.75                      0.5024416554390985    1.000000000000000   0.0000000000000000
out_inst:0_usecol:2_direct_idx0:33.75                      0.4999800257550384   -1.000000000000000   0.0000000000000000
in_inst:0_usecol:1_direct_idx0:33.95                      0.5016599644978005    1.000000000000000   0.0000000000000000
out_inst:0_usecol:2_direct_idx0:33.95                      0.4999850326041449   -1.000000000000000   0.0000000000000000
in_inst:0_usecol:1_direct_idx0:34.15                      0.5011245407808862    1.000000000000000   0.0000000000000000
out_inst:0_usecol:2_direct_idx0:34.15                      0.4999885448741944   -1.000000000000000   0.0000000000000000
in_inst:0_usecol:1_direct_idx0:34.35                      0.5007519453002888    1.000000000000000   0.0000000000000000
out_inst:0_usecol:2_direct_idx0:34.35                      0.4999909121604904   -1.000000000000000   0.0000000000000000
in_inst:0_usecol:1_direct_idx0:34.55                      0.5004899680491467    1.000000000000000   0.0000000000000000
out_inst:0_usecol:2_direct_idx0:34.55                      0.4999923703363798   -1.000000000000000   0.0000000000000000
in_inst:0_usecol:1_direct_idx0:34.75                      0.5003048073764781    1.000000000000000   0.0000000000000000
out_inst:0_usecol:2_direct_idx0:34.75                      0.4999930647906042   -1.000000000000000   0.0000000000000000
in_inst:0_usecol:1_direct_idx0:34.95                      0.5001740320117578    1.000000000000000   0.0000000000000000
out_inst:0_usecol:2_direct_idx0:34.95                      0.4999930647906037   -1.000000000000000   0.0000000000000000
in_inst:0_usecol:1_direct_idx0:35.15                      0.5000825311526755    1.000000000000000   0.0000000000000000
out_inst:0_usecol:2_direct_idx0:35.15                      0.4999923703363785   -1.000000000000000   0.0000000000000000
in_inst:0_usecol:1_direct_idx0:35.35                      0.5000200937099210    1.000000000000000   0.0000000000000000
out_inst:0_usecol:2_direct_idx0:35.35                      0.4999909121604876   -1.000000000000000   0.0000000000000000
in_inst:0_usecol:1_direct_idx0:35.55                      0.4999799232733212    1.000000000000000   0.0000000000000000
out_inst:0_usecol:2_direct_idx0:35.55                      0.4999885448741899   -1.000000000000000   0.0000000000000000
in_inst:0_usecol:1_direct_idx0:35.75                      0.4999577208294104    1.000000000000000   0.0000000000000000
out_inst:0_usecol:2_direct_idx0:35.75                      0.4999850326041380   -1.000000000000000   0.0000000000000000
in_inst:0_usecol:1_direct_idx0:35.95                      0.4999511350421404    1.000000000000000   0.0000000000000000
out_inst:0_usecol:2_direct_idx0:35.95                      0.4999800257550283   -1.000000000000000   0.0000000000000000
in_inst:0_usecol:1_direct_idx0:36.15                      0.4999594718389437    1.000000000000000   0.0000000000000000
out_inst:0_usecol:2_direct_idx0:36.15                      0.4999730267173114   -1.000000000000000   0.0000000000000000
in_inst:0_usecol:1_direct_idx0:36.35                      0.5004572690855447    1.000000000000000   0.0000000000000000
out_inst:0_usecol:2_direct_idx0:36.35                      0.4999799232875509   -1.000000000000000   0.0000000000000000
in_inst:0_usecol:1_direct_idx0:36.55                      0.5010551970376353    1.000000000000000   0.0000000000000000
out_inst:0_usecol:2_direct_idx0:36.55                      0.4999848173014753   -1.000000000000000   0.0000000000000000
in_inst:0_usecol:1_direct_idx0:36.75                      0.5018350939247882    1.000000000000000   0.0000000000000000
out_inst:0_usecol:2_direct_idx0:36.75                      0.4999881951269877   -1.000000000000000   0.0000000000000000
in_inst:0_usecol:1_direct_idx0:36.95                      0.5029223453585657    1.000000000000000   0.0000000000000000
out_inst:0_usecol:2_direct_idx0:36.95                      0.4999903929437913   -1.000000000000000   0.0000000000000000
in_inst:0_usecol:1_direct_idx0:37.15                      0.5045261656212162    1.000000000000000   0.0000000000000000
out_inst:0_usecol:2_direct_idx0:37.15                      0.4999916297059148   -1.000000000000000   0.0000000000000000
in_inst:0_usecol:1_direct_idx0:37.35                      0.5070259994113973    1.000000000000000   0.0000000000000000
out_inst:0_usecol:2_direct_idx0:37.35                      0.4999920286984442   -1.000000000000000   0.0000000000000000
in_inst:0_usecol:1_direct_idx0:37.55                      0.5111738427720683    1.000000000000000   0.0000000000000000
out_inst:0_usecol:2_direct_idx0:37.55                      0.4999916297059149   -1.000000000000000   0.0000000000000000
in_inst:0_usecol:1_direct_idx0:37.75                      0.5186196202677951    1.000000000000000   0.0000000000000000
out_inst:0_usecol:2_direct_idx0:37.75                      0.4999903929437916   -1.000000000000000   0.0000000000000000
in_inst:0_usecol:1_direct_idx0:37.95                      0.5334571620549076    1.000000000000000   0.0000000000000000
out_inst:0_usecol:2_direct_idx0:37.95                      0.4999881951269886   -1.000000000000000   0.0000000000000000
in_inst:0_usecol:1_direct_idx0:38.15                      0.5675362248930568    1.000000000000000   0.0000000000000000
out_inst:0_usecol:2_direct_idx0:38.15                      0.4999848173014772   -1.000000000000000   0.0000000000000000
in_inst:0_usecol:1_direct_idx0:38.35                      0.6626790806426971    1.000000000000000   0.0000000000000000
out_inst:0_usecol:2_direct_idx0:38.35                      0.4999799232875535   -1.000000000000000   0.0000000000000000
in_inst:0_usecol:1_direct_idx0:38.55                      1.010574487919032    1.000000000000000   0.0000000000000000
out_inst:0_usecol:2_direct_idx0:38.55                      0.4999730267173152   -1.000000000000000   0.0000000000000000
in_inst:0_usecol:1_direct_idx0:38.75                      0.6663970971518691    1.000000000000000   0.0000000000000000
out_inst:0_usecol:2_direct_idx0:38.75                      0.4999800257550309   -1.000000000000000   0.0000000000000000
in_inst:0_usecol:1_direct_idx0:38.95                      0.5710541390866583    1.000000000000000   0.0000000000000000
out_inst:0_usecol:2_direct_idx0:38.95                      0.4999850326041398   -1.000000000000000   0.0000000000000000
in_inst:0_usecol:1_direct_idx0:39.15                      0.5366654457763300    1.000000000000000   0.0000000000000000
out_inst:0_usecol:2_direct_idx0:39.15                      0.4999885448741908   -1.000000000000000   0.0000000000000000
in_inst:0_usecol:1_direct_idx0:39.35                      0.5217664180416920    1.000000000000000   0.0000000000000000
out_inst:0_usecol:2_direct_idx0:39.35                      0.4999909121604882   -1.000000000000000   0.0000000000000000
in_inst:0_usecol:1_direct_idx0:39.55                      0.5145225611853171    1.000000000000000   0.0000000000000000
out_inst:0_usecol:2_direct_idx0:39.55                      0.4999923703363788   -1.000000000000000   0.0000000000000000
in_inst:0_usecol:1_direct_idx0:39.75                      0.5108589342526034    1.000000000000000   0.0000000000000000
out_inst:0_usecol:2_direct_idx0:39.75                      0.4999930647906037   -1.000000000000000   0.0000000000000000
in_inst:0_usecol:1_direct_idx0:39.95                      0.5091968387174263    1.000000000000000   0.0000000000000000
out_inst:0_usecol:2_direct_idx0:39.95                      0.4999930647906041   -1.000000000000000   0.0000000000000000
in_inst:0_usecol:1_direct_idx0:40.15                      0.5089362094834841    1.000000000000000   0.0000000000000000
out_inst:0_usecol:2_direct_idx0:40.15                      0.4999923703363800   -1.000000000000000   0.0000000000000000
in_inst:0_usecol:1_direct_idx0:40.35                      0.5099898033531808    1.000000000000000   0.0000000000000000
out_inst:0_usecol:2_direct_idx0:40.35                      0.4999909121604900   -1.000000000000000   0.0000000000000000
in_inst:0_usecol:1_direct_idx0:40.55                      0.5127218000315001    1.000000000000000   0.0000000000000000
out_inst:0_usecol:2_direct_idx0:40.55                      0.4999885448741935   -1.000000000000000   0.0000000000000000
in_inst:0_usecol:1_direct_idx0:40.75                      0.5182151484294832    1.000000000000000   0.0000000000000000
out_inst:0_usecol:2_direct_idx0:40.75                      0.4999850326041437   -1.000000000000000   0.0000000000000000
in_inst:0_usecol:1_direct_idx0:40.95                      0.5292149181123313    1.000000000000000   0.0000000000000000
out_inst:0_usecol:2_direct_idx0:40.95                      0.4999800257550364   -1.000000000000000   0.0000000000000000
in_inst:0_usecol:1_direct_idx0:41.15                      0.5532469514883716    1.000000000000000   0.0000000000000000
out_inst:0_usecol:2_direct_idx0:41.15                      0.4999730267173224   -1.000000000000000   0.0000000000000000
in_inst:0_usecol:1_direct_idx0:41.35                      0.5281497427962017    1.000000000000000   0.0000000000000000
out_inst:0_usecol:2_direct_idx0:41.35                      0.4999799232875591   -1.000000000000000   0.0000000000000000
in_inst:0_usecol:1_direct_idx0:41.55                      0.5166495395285002    1.000000000000000   0.0000000000000000
out_inst:0_usecol:2_direct_idx0:41.55                      0.4999848173014809   -1.000000000000000   0.0000000000000000
in_inst:0_usecol:1_direct_idx0:41.75                      0.5107328442795170    1.000000000000000   0.0000000000000000
out_inst:0_usecol:2_direct_idx0:41.75                      0.4999881951269917   -1.000000000000000   0.0000000000000000
in_inst:0_usecol:1_direct_idx0:41.95                      0.5074706709038592    1.000000000000000   0.0000000000000000
out_inst:0_usecol:2_direct_idx0:41.95                      0.4999903929437940   -1.000000000000000   0.0000000000000000
in_inst:0_usecol:1_direct_idx0:42.15                      0.5056439336649498    1.000000000000000   0.0000000000000000
out_inst:0_usecol:2_direct_idx0:42.15                      0.4999916297059169   -1.000000000000000   0.0000000000000000
in_inst:0_usecol:1_direct_idx0:42.35                      0.5047035449468064    1.000000000000000   0.0000000000000000
out_inst:0_usecol:2_direct_idx0:42.35                      0.4999920286984463   -1.000000000000000   0.0000000000000000
in_inst:0_usecol:1_direct_idx0:42.55                      0.5044061579450759    1.000000000000000   0.0000000000000000
out_inst:0_usecol:2_direct_idx0:42.55                      0.4999916297059165   -1.000000000000000   0.0000000000000000
in_inst:0_usecol:1_direct_idx0:42.75                      0.5046805304528996    1.000000000000000   0.0000000000000000
out_inst:0_usecol:2_direct_idx0:42.75                      0.4999903929437929   -1.000000000000000   0.0000000000000000
in_inst:0_usecol:1_direct_idx0:42.95                      0.5055922924529150    1.000000000000000   0.0000000000000000
out_inst:0_usecol:2_direct_idx0:42.95                      0.4999881951269892   -1.000000000000000   0.0000000000000000
in_inst:0_usecol:1_direct_idx0:43.15                      0.5073763347723487    1.000000000000000   0.0000000000000000
out_inst:0_usecol:2_direct_idx0:43.15                      0.4999848173014775   -1.000000000000000   0.0000000000000000
in_inst:0_usecol:1_direct_idx0:43.35                      0.5105650441874381    1.000000000000000   0.0000000000000000
out_inst:0_usecol:2_direct_idx0:43.35                      0.4999799232875537   -1.000000000000000   0.0000000000000000
in_inst:0_usecol:1_direct_idx0:43.55                      0.5163383965592422    1.000000000000000   0.0000000000000000
out_inst:0_usecol:2_direct_idx0:43.55                      0.4999730267173150   -1.000000000000000   0.0000000000000000
in_inst:0_usecol:1_direct_idx0:43.75                      0.5101047392931222    1.000000000000000   0.0000000000000000
out_inst:0_usecol:2_direct_idx0:43.75                      0.4999800257550310   -1.000000000000000   0.0000000000000000
in_inst:0_usecol:1_direct_idx0:43.95                      0.5065791828906165    1.000000000000000   0.0000000000000000
out_inst:0_usecol:2_direct_idx0:43.95                      0.4999850326041399   -1.000000000000000   0.0000000000000000
in_inst:0_usecol:1_direct_idx0:44.15                      0.5044581807764889    1.000000000000000   0.0000000000000000
out_inst:0_usecol:2_direct_idx0:44.15                      0.4999885448741914   -1.000000000000000   0.0000000000000000
in_inst:0_usecol:1_direct_idx0:44.35                      0.5031342002601259    1.000000000000000   0.0000000000000000
out_inst:0_usecol:2_direct_idx0:44.35                      0.4999909121604882   -1.000000000000000   0.0000000000000000
in_inst:0_usecol:1_direct_idx0:44.55                      0.5022994724156126    1.000000000000000   0.0000000000000000
out_inst:0_usecol:2_direct_idx0:44.55                      0.4999923703363788   -1.000000000000000   0.0000000000000000
in_inst:0_usecol:1_direct_idx0:44.75                      0.5017893162065317    1.000000000000000   0.0000000000000000
out_inst:0_usecol:2_direct_idx0:44.75                      0.4999930647906034   -1.000000000000000   0.0000000000000000
in_inst:0_usecol:1_direct_idx0:44.95                      0.5015145441584411    1.000000000000000   0.0000000000000000
out_inst:0_usecol:2_direct_idx0:44.95                      0.4999930647906030   -1.000000000000000   0.0000000000000000
in_inst:0_usecol:1_direct_idx0:45.15                      0.5014307771091394    1.000000000000000   0.0000000000000000
out_inst:0_usecol:2_direct_idx0:45.15                      0.4999923703363786   -1.000000000000000   0.0000000000000000
in_inst:0_usecol:1_direct_idx0:45.35                      0.5015249991135445    1.000000000000000   0.0000000000000000
out_inst:0_usecol:2_direct_idx0:45.35                      0.4999909121604881   -1.000000000000000   0.0000000000000000
in_inst:0_usecol:1_direct_idx0:45.55                      0.5018118675191959    1.000000000000000   0.0000000000000000
out_inst:0_usecol:2_direct_idx0:45.55                      0.4999885448741912   -1.000000000000000   0.0000000000000000
in_inst:0_usecol:1_direct_idx0:45.75                      0.5023378766364045    1.000000000000000   0.0000000000000000
out_inst:0_usecol:2_direct_idx0:45.75                      0.4999850326041405   -1.000000000000000   0.0000000000000000
in_inst:0_usecol:1_direct_idx0:45.95                      0.5031955258730352    1.000000000000000   0.0000000000000000
out_inst:0_usecol:2_direct_idx0:45.95                      0.4999800257550322   -1.000000000000000   0.0000000000000000
in_inst:0_usecol:1_direct_idx0:46.15                      0.5045554323300977    1.000000000000000   0.0000000000000000
out_inst:0_usecol:2_direct_idx0:46.15                      0.4999730267173172   -1.000000000000000   0.0000000000000000
in_inst:0_usecol:1_direct_idx0:46.35                      0.5030479573960847    1.000000000000000   0.0000000000000000
out_inst:0_usecol:2_direct_idx0:46.35                      0.4999799232875551   -1.000000000000000   0.0000000000000000
in_inst:0_usecol:1_direct_idx0:46.55                      0.5020520325674539    1.000000000000000   0.0000000000000000
out_inst:0_usecol:2_direct_idx0:46.55                      0.4999848173014781   -1.000000000000000   0.0000000000000000
in_inst:0_usecol:1_direct_idx0:46.75                      0.5013731232011553    1.000000000000000   0.0000000000000000
out_inst:0_usecol:2_direct_idx0:46.75                      0.4999881951269897   -1.000000000000000   0.0000000000000000
in_inst:0_usecol:1_direct_idx0:46.95                      0.5008977608584660    1.000000000000000   0.0000000000000000
out_inst:0_usecol:2_direct_idx0:46.95                      0.4999903929437922   -1.000000000000000   0.0000000000000000
in_inst:0_usecol:1_direct_idx0:47.15                      0.5005559225091186    1.000000000000000   0.0000000000000000
out_inst:0_usecol:2_direct_idx0:47.15                      0.4999916297059156   -1.000000000000000   0.0000000000000000
in_inst:0_usecol:1_direct_idx0:47.35                      0.5003021199591160    1.000000000000000   0.0000000000000000
out_inst:0_usecol:2_direct_idx0:47.35                      0.4999920286984449   -1.000000000000000   0.0000000000000000
in_inst:0_usecol:1_direct_idx0:47.55                      0.5001052393074518    1.000000000000000   0.0000000000000000
out_inst:0_usecol:2_direct_idx0:47.55                      0.4999916297059153   -1.000000000000000   0.0000000000000000
in_inst:0_usecol:1_direct_idx0:47.75                      0.4999427169279186    1.000000000000000   0.0000000000000000
out_inst:0_usecol:2_direct_idx0:47.75                      0.4999903929437919   -1.000000000000000   0.0000000000000000
in_inst:0_usecol:1_direct_idx0:47.95                      0.4997969674676914    1.000000000000000   0.0000000000000000
out_inst:0_usecol:2_direct_idx0:47.95                      0.4999881951269889   -1.000000000000000   0.0000000000000000
in_inst:0_usecol:1_direct_idx0:48.15                      0.4996530244692093    1.000000000000000   0.0000000000000000
out_inst:0_usecol:2_direct_idx0:48.15                      0.4999848173014773   -1.000000000000000   0.0000000000000000
in_inst:0_usecol:1_direct_idx0:48.35                      0.4994968560995159    1.000000000000000   0.0000000000000000
out_inst:0_usecol:2_direct_idx0:48.35                      0.4999799232875542   -1.000000000000000   0.0000000000000000
in_inst:0_usecol:1_direct_idx0:48.55                      0.4993140839596938    1.000000000000000   0.0000000000000000
out_inst:0_usecol:2_direct_idx0:48.55                      0.4999730267173153   -1.000000000000000   0.0000000000000000
in_inst:0_usecol:1_direct_idx0:48.75                      0.4994032981160915    1.000000000000000   0.0000000000000000
out_inst:0_usecol:2_direct_idx0:48.75                      0.4999800257550311   -1.000000000000000   0.0000000000000000
in_inst:0_usecol:1_direct_idx0:48.95                      0.4994541033469592    1.000000000000000   0.0000000000000000
out_inst:0_usecol:2_direct_idx0:48.95                      0.4999850326041401   -1.000000000000000   0.0000000000000000
in_inst:0_usecol:1_direct_idx0:49.15                      0.4994708849704956    1.000000000000000   0.0000000000000000
out_inst:0_usecol:2_direct_idx0:49.15                      0.4999885448741910   -1.000000000000000   0.0000000000000000
in_inst:0_usecol:1_direct_idx0:49.35                      0.4994551120709151    1.000000000000000   0.0000000000000000
out_inst:0_usecol:2_direct_idx0:49.35                      0.4999909121604880   -1.000000000000000   0.0000000000000000
in_inst:0_usecol:1_direct_idx0:49.55                      0.4994054035807088    1.000000000000000   0.0000000000000000
out_inst:0_usecol:2_direct_idx0:49.55                      0.4999923703363784   -1.000000000000000   0.0000000000000000
in_inst:0_usecol:1_direct_idx0:49.75                      0.4993174660414357    1.000000000000000   0.0000000000000000
out_inst:0_usecol:2_direct_idx0:49.75                      0.4999930647906031   -1.000000000000000   0.0000000000000000
in_inst:0_usecol:1_direct_idx0:49.95                      0.4991839236991372    1.000000000000000   0.0000000000000000
out_inst:0_usecol:2_direct_idx0:49.95                      0.4999930647906027   -1.000000000000000   0.0000000000000000
in_inst:0_usecol:1_direct_idx0:50.15                      0.4989941136023769    1.000000000000000   0.0000000000000000
out_inst:0_usecol:2_direct_idx0:50.15                      0.4999923703363783   -1.000000000000000   0.0000000000000000
in_inst:0_usecol:1_direct_idx0:50.35                      0.4987339998413244    1.000000000000000   0.0000000000000000
out_inst:0_usecol:2_direct_idx0:50.35                      0.4999909121604875   -1.000000000000000   0.0000000000000000
in_inst:0_usecol:1_direct_idx0:50.55                      0.4983864926598388    1.000000000000000   0.0000000000000000
out_inst:0_usecol:2_direct_idx0:50.55                      0.4999885448741907   -1.000000000000000   0.0000000000000000
in_inst:0_usecol:1_direct_idx0:50.75                      0.4979326527737341    1.000000000000000   0.0000000000000000
out_inst:0_usecol:2_direct_idx0:50.75                      0.4999850326041396   -1.000000000000000   0.0000000000000000
in_inst:0_usecol:1_direct_idx0:50.95                      0.4973544963098827    1.000000000000000   0.0000000000000000
out_inst:0_usecol:2_direct_idx0:50.95                      0.4999800257550310   -1.000000000000000   0.0000000000000000
in_inst:0_usecol:1_direct_idx0:51.15                      0.4966402691848862    1.000000000000000   0.0000000000000000
out_inst:0_usecol:2_direct_idx0:51.15                      0.4999730267173154   -1.000000000000000   0.0000000000000000
in_inst:0_usecol:1_direct_idx0:51.35                      0.4975276468308214    1.000000000000000   0.0000000000000000
out_inst:0_usecol:2_direct_idx0:51.35                      0.4999799232875535   -1.000000000000000   0.0000000000000000
in_inst:0_usecol:1_direct_idx0:51.55                      0.4983364123434230    1.000000000000000   0.0000000000000000
out_inst:0_usecol:2_direct_idx0:51.55                      0.4999848173014769   -1.000000000000000   0.0000000000000000
in_inst:0_usecol:1_direct_idx0:51.75                      0.4990990825727522    1.000000000000000   0.0000000000000000
out_inst:0_usecol:2_direct_idx0:51.75                      0.4999881951269891   -1.000000000000000   0.0000000000000000
in_inst:0_usecol:1_direct_idx0:51.95                      0.4998686303788500    1.000000000000000   0.0000000000000000
out_inst:0_usecol:2_direct_idx0:51.95                      0.4999903929437925   -1.000000000000000   0.0000000000000000
in_inst:0_usecol:1_direct_idx0:52.15                      0.5007201025874414    1.000000000000000   0.0000000000000000
out_inst:0_usecol:2_direct_idx0:52.15                      0.4999916297059163   -1.000000000000000   0.0000000000000000
in_inst:0_usecol:1_direct_idx0:52.35                      0.5017613237637436    1.000000000000000   0.0000000000000000
out_inst:0_usecol:2_direct_idx0:52.35                      0.4999920286984463   -1.000000000000000   0.0000000000000000
in_inst:0_usecol:1_direct_idx0:52.55                      0.5031587046436293    1.000000000000000   0.0000000000000000
out_inst:0_usecol:2_direct_idx0:52.55                      0.4999916297059175   -1.000000000000000   0.0000000000000000
in_inst:0_usecol:1_direct_idx0:52.75                      0.5051935301875118    1.000000000000000   0.0000000000000000
out_inst:0_usecol:2_direct_idx0:52.75                      0.4999903929437949   -1.000000000000000   0.0000000000000000
in_inst:0_usecol:1_direct_idx0:52.95                      0.5083893117143743    1.000000000000000   0.0000000000000000
out_inst:0_usecol:2_direct_idx0:52.95                      0.4999881951269928   -1.000000000000000   0.0000000000000000
in_inst:0_usecol:1_direct_idx0:53.15                      0.5138251021822065    1.000000000000000   0.0000000000000000
out_inst:0_usecol:2_direct_idx0:53.15                      0.4999848173014821   -1.000000000000000   0.0000000000000000
in_inst:0_usecol:1_direct_idx0:53.35                      0.5239966523316792    1.000000000000000   0.0000000000000000
out_inst:0_usecol:2_direct_idx0:53.35                      0.4999799232875605   -1.000000000000000   0.0000000000000000
in_inst:0_usecol:1_direct_idx0:53.55                      0.5455335253425584    1.000000000000000   0.0000000000000000
out_inst:0_usecol:2_direct_idx0:53.55                      0.4999730267173243   -1.000000000000000   0.0000000000000000
in_inst:0_usecol:1_direct_idx0:53.75                      0.5242255405473286    1.000000000000000   0.0000000000000000
out_inst:0_usecol:2_direct_idx0:53.75                      0.4999800257550375   -1.000000000000000   0.0000000000000000
in_inst:0_usecol:1_direct_idx0:53.95                      0.5141580871486804    1.000000000000000   0.0000000000000000
out_inst:0_usecol:2_direct_idx0:53.95                      0.4999850326041446   -1.000000000000000   0.0000000000000000
in_inst:0_usecol:1_direct_idx0:54.15                      0.5088021422122482    1.000000000000000   0.0000000000000000
out_inst:0_usecol:2_direct_idx0:54.15                      0.4999885448741945   -1.000000000000000   0.0000000000000000
in_inst:0_usecol:1_direct_idx0:54.35                      0.5056953861865748    1.000000000000000   0.0000000000000000
out_inst:0_usecol:2_direct_idx0:54.35                      0.4999909121604907   -1.000000000000000   0.0000000000000000
in_inst:0_usecol:1_direct_idx0:54.55                      0.5037752154853422    1.000000000000000   0.0000000000000000
out_inst:0_usecol:2_direct_idx0:54.55                      0.4999923703363806   -1.000000000000000   0.0000000000000000
in_inst:0_usecol:1_direct_idx0:54.75                      0.5025309147673032    1.000000000000000   0.0000000000000000
out_inst:0_usecol:2_direct_idx0:54.75                      0.4999930647906050   -1.000000000000000   0.0000000000000000
in_inst:0_usecol:1_direct_idx0:54.95                      0.5016945111456704    1.000000000000000   0.0000000000000000
out_inst:0_usecol:2_direct_idx0:54.95                      0.4999930647906049   -1.000000000000000   0.0000000000000000
in_inst:0_usecol:1_direct_idx0:55.15                      0.5011147607689918    1.000000000000000   0.0000000000000000
out_inst:0_usecol:2_direct_idx0:55.15                      0.4999923703363799   -1.000000000000000   0.0000000000000000
in_inst:0_usecol:1_direct_idx0:55.35                      0.5007008001652887    1.000000000000000   0.0000000000000000
out_inst:0_usecol:2_direct_idx0:55.35                      0.4999909121604897   -1.000000000000000   0.0000000000000000
in_inst:0_usecol:1_direct_idx0:55.55                      0.5003948704702791    1.000000000000000   0.0000000000000000
out_inst:0_usecol:2_direct_idx0:55.55                      0.4999885448741930   -1.000000000000000   0.0000000000000000
in_inst:0_usecol:1_direct_idx0:55.75                      0.5001581444733244    1.000000000000000   0.0000000000000000
out_inst:0_usecol:2_direct_idx0:55.75                      0.4999850326041427   -1.000000000000000   0.0000000000000000
in_inst:0_usecol:1_direct_idx0:55.95                      0.4999628482241808    1.000000000000000   0.0000000000000000
out_inst:0_usecol:2_direct_idx0:55.95                      0.4999800257550353   -1.000000000000000   0.0000000000000000
in_inst:0_usecol:1_direct_idx0:56.15                      0.4997875695093617    1.000000000000000   0.0000000000000000
out_inst:0_usecol:2_direct_idx0:56.15                      0.4999730267173213   -1.000000000000000   0.0000000000000000
in_inst:0_usecol:1_direct_idx0:56.35                      0.4996803013208669    1.000000000000000   0.0000000000000000
out_inst:0_usecol:2_direct_idx0:56.35                      0.4999799232875577   -1.000000000000000   0.0000000000000000
in_inst:0_usecol:1_direct_idx0:56.55                      0.4995623242692647    1.000000000000000   0.0000000000000000
out_inst:0_usecol:2_direct_idx0:56.55                      0.4999848173014795   -1.000000000000000   0.0000000000000000
in_inst:0_usecol:1_direct_idx0:56.75                      0.4994225943927489    1.000000000000000   0.0000000000000000
out_inst:0_usecol:2_direct_idx0:56.75                      0.4999881951269898   -1.000000000000000   0.0000000000000000
in_inst:0_usecol:1_direct_idx0:56.95                      0.4992486823083787    1.000000000000000   0.0000000000000000
out_inst:0_usecol:2_direct_idx0:56.95                      0.4999903929437914   -1.000000000000000   0.0000000000000000
in_inst:0_usecol:1_direct_idx0:57.15                      0.4990261074903586    1.000000000000000   0.0000000000000000
out_inst:0_usecol:2_direct_idx0:57.15                      0.4999916297059135   -1.000000000000000   0.0000000000000000
in_inst:0_usecol:1_direct_idx0:57.35                      0.4987379453233543    1.000000000000000   0.0000000000000000
out_inst:0_usecol:2_direct_idx0:57.35                      0.4999920286984420   -1.000000000000000   0.0000000000000000
in_inst:0_usecol:1_direct_idx0:57.55                      0.4983649794715538    1.000000000000000   0.0000000000000000
out_inst:0_usecol:2_direct_idx0:57.55                      0.4999916297059111   -1.000000000000000   0.0000000000000000
in_inst:0_usecol:1_direct_idx0:57.75                      0.4978868836479718    1.000000000000000   0.0000000000000000
out_inst:0_usecol:2_direct_idx0:57.75                      0.4999903929437856   -1.000000000000000   0.0000000000000000
in_inst:0_usecol:1_direct_idx0:57.95                      0.4972851581376121    1.000000000000000   0.0000000000000000
out_inst:0_usecol:2_direct_idx0:57.95                      0.4999881951269796   -1.000000000000000   0.0000000000000000
in_inst:0_usecol:1_direct_idx0:58.15                      0.4965486764033674    1.000000000000000   0.0000000000000000
out_inst:0_usecol:2_direct_idx0:58.15                      0.4999848173014642   -1.000000000000000   0.0000000000000000
in_inst:0_usecol:1_direct_idx0:58.35                      0.4956823495306008    1.000000000000000   0.0000000000000000
out_inst:0_usecol:2_direct_idx0:58.35                      0.4999799232875358   -1.000000000000000   0.0000000000000000
in_inst:0_usecol:1_direct_idx0:58.55                      0.4947179201578912    1.000000000000000   0.0000000000000000
out_inst:0_usecol:2_direct_idx0:58.55                      0.4999730267172905   -1.000000000000000   0.0000000000000000
in_inst:0_usecol:1_direct_idx0:58.75                      0.4956076648835480    1.000000000000000   0.0000000000000000
out_inst:0_usecol:2_direct_idx0:58.75                      0.4999800257549984   -1.000000000000000   0.0000000000000000
in_inst:0_usecol:1_direct_idx0:58.95                      0.4963634067828812    1.000000000000000   0.0000000000000000
out_inst:0_usecol:2_direct_idx0:58.95                      0.4999850326040958   -1.000000000000000   0.0000000000000000
in_inst:0_usecol:1_direct_idx0:59.15                      0.4969467894338631    1.000000000000000   0.0000000000000000
out_inst:0_usecol:2_direct_idx0:59.15                      0.4999885448741311   -1.000000000000000   0.0000000000000000
in_inst:0_usecol:1_direct_idx0:59.35                      0.4973427109781112    1.000000000000000   0.0000000000000000
out_inst:0_usecol:2_direct_idx0:59.35                      0.4999909121604064   -1.000000000000000   0.0000000000000000
in_inst:0_usecol:1_direct_idx0:59.55                      0.4975481904634249    1.000000000000000   0.0000000000000000
out_inst:0_usecol:2_direct_idx0:59.55                      0.4999923703362668   -1.000000000000000   0.0000000000000000
in_inst:0_usecol:1_direct_idx0:59.75                      0.4975639983945535    1.000000000000000   0.0000000000000000
out_inst:0_usecol:2_direct_idx0:59.75                      0.4999930647904504   -1.000000000000000   0.0000000000000000
in_inst:0_usecol:1_direct_idx0:59.95                      0.4973902595802037    1.000000000000000   0.0000000000000000
out_inst:0_usecol:2_direct_idx0:59.95                      0.4999930647903942   -1.000000000000000   0.0000000000000000
in_inst:0_usecol:1_direct_idx0:60.15                      0.4970261162650181    1.000000000000000   0.0000000000000000
out_inst:0_usecol:2_direct_idx0:60.15                      0.4999923703360921   -1.000000000000000   0.0000000000000000
in_inst:0_usecol:1_direct_idx0:60.35                      0.4964734433463025    1.000000000000000   0.0000000000000000
out_inst:0_usecol:2_direct_idx0:60.35                      0.4999909121600961   -1.000000000000000   0.0000000000000000
in_inst:0_usecol:1_direct_idx0:60.55                      0.4957445886672067    1.000000000000000   0.0000000000000000
out_inst:0_usecol:2_direct_idx0:60.55                      0.4999885448736544   -1.000000000000000   0.0000000000000000
in_inst:0_usecol:1_direct_idx0:60.75                      0.4948732294853307    1.000000000000000   0.0000000000000000
out_inst:0_usecol:2_direct_idx0:60.75                      0.4999850326034049   -1.000000000000000   0.0000000000000000
in_inst:0_usecol:1_direct_idx0:60.95                      0.4939247927599005    1.000000000000000   0.0000000000000000
out_inst:0_usecol:2_direct_idx0:60.95                      0.4999800257540248   -1.000000000000000   0.0000000000000000
in_inst:0_usecol:1_direct_idx0:61.15                      0.4929984697950242    1.000000000000000   0.0000000000000000
out_inst:0_usecol:2_direct_idx0:61.15                      0.4999730267159374   -1.000000000000000   0.0000000000000000
in_inst:0_usecol:1_direct_idx0:61.35                      0.4938675997549802    1.000000000000000   0.0000000000000000
out_inst:0_usecol:2_direct_idx0:61.35                      0.4999799232856658   -1.000000000000000   0.0000000000000000
in_inst:0_usecol:1_direct_idx0:61.55                      0.4947135672001151    1.000000000000000   0.0000000000000000
out_inst:0_usecol:2_direct_idx0:61.55                      0.4999848172988897   -1.000000000000000   0.0000000000000000
in_inst:0_usecol:1_direct_idx0:61.75                      0.4954286027308471    1.000000000000000   0.0000000000000000
out_inst:0_usecol:2_direct_idx0:61.75                      0.4999881951234424   -1.000000000000000   0.0000000000000000
in_inst:0_usecol:1_direct_idx0:61.95                      0.4959389022137337    1.000000000000000   0.0000000000000000
out_inst:0_usecol:2_direct_idx0:61.95                      0.4999903929389322   -1.000000000000000   0.0000000000000000
in_inst:0_usecol:1_direct_idx0:62.15                      0.4962027028811078    1.000000000000000   0.0000000000000000
out_inst:0_usecol:2_direct_idx0:62.15                      0.4999916296992569   -1.000000000000000   0.0000000000000000
in_inst:0_usecol:1_direct_idx0:62.35                      0.4962021203353081    1.000000000000000   0.0000000000000000
out_inst:0_usecol:2_direct_idx0:62.35                      0.4999920286893216   -1.000000000000000   0.0000000000000000
in_inst:0_usecol:1_direct_idx0:62.55                      0.4959371912544728    1.000000000000000   0.0000000000000000
out_inst:0_usecol:2_direct_idx0:62.55                      0.4999916296934158   -1.000000000000000   0.0000000000000000
in_inst:0_usecol:1_direct_idx0:62.75                      0.4954258876662669    1.000000000000000   0.0000000000000000
out_inst:0_usecol:2_direct_idx0:62.75                      0.4999903929266677   -1.000000000000000   0.0000000000000000
in_inst:0_usecol:1_direct_idx0:62.95                      0.4947100951052041    1.000000000000000   0.0000000000000000
out_inst:0_usecol:2_direct_idx0:62.95                      0.4999881951035315   -1.000000000000000   0.0000000000000000
in_inst:0_usecol:1_direct_idx0:63.15                      0.4938637703405250    1.000000000000000   0.0000000000000000
out_inst:0_usecol:2_direct_idx0:63.15                      0.4999848172693492   -1.000000000000000   0.0000000000000000
in_inst:0_usecol:1_direct_idx0:63.35                      0.4929948129083012    1.000000000000000   0.0000000000000000
out_inst:0_usecol:2_direct_idx0:63.35                      0.4999799232435580   -1.000000000000000   0.0000000000000000
in_inst:0_usecol:1_direct_idx0:63.55                      0.4922288751113386    1.000000000000000   0.0000000000000000
out_inst:0_usecol:2_direct_idx0:63.55                      0.4999730266570818   -1.000000000000000   0.0000000000000000
in_inst:0_usecol:1_direct_idx0:63.75                      0.4929853009117576    1.000000000000000   0.0000000000000000
out_inst:0_usecol:2_direct_idx0:63.75                      0.4999800256724369   -1.000000000000000   0.0000000000000000
in_inst:0_usecol:1_direct_idx0:63.95                      0.4938343499617551    1.000000000000000   0.0000000000000000
out_inst:0_usecol:2_direct_idx0:63.95                      0.4999850324909097   -1.000000000000000   0.0000000000000000
in_inst:0_usecol:1_direct_idx0:64.15                      0.4946475080775314    1.000000000000000   0.0000000000000000
out_inst:0_usecol:2_direct_idx0:64.15                      0.4999885447189863   -1.000000000000000   0.0000000000000000
in_inst:0_usecol:1_direct_idx0:64.35                      0.4953146780919603    1.000000000000000   0.0000000000000000
out_inst:0_usecol:2_direct_idx0:64.35                      0.4999909119477766   -1.000000000000000   0.0000000000000000
in_inst:0_usecol:1_direct_idx0:64.55                      0.4957605064179710    1.000000000000000   0.0000000000000000
out_inst:0_usecol:2_direct_idx0:64.55                      0.4999923700448833   -1.000000000000000   0.0000000000000000
in_inst:0_usecol:1_direct_idx0:64.75                      0.4959431646250397    1.000000000000000   0.0000000000000000
out_inst:0_usecol:2_direct_idx0:64.75                      0.4999930643911784   -1.000000000000000   0.0000000000000000
in_inst:0_usecol:1_direct_idx0:64.95                      0.4958475708402313    1.000000000000000   0.0000000000000000
out_inst:0_usecol:2_direct_idx0:64.95                      0.4999930642433293   -1.000000000000000   0.0000000000000000
in_inst:0_usecol:1_direct_idx0:65.15                      0.4954814674229995    1.000000000000000   0.0000000000000000
out_inst:0_usecol:2_direct_idx0:65.15                      0.4999923695865863   -1.000000000000000   0.0000000000000000
in_inst:0_usecol:1_direct_idx0:65.35                      0.4948775496791805    1.000000000000000   0.0000000000000000
out_inst:0_usecol:2_direct_idx0:65.35                      0.4999909111333255   -1.000000000000000   0.0000000000000000
in_inst:0_usecol:1_direct_idx0:65.55                      0.4941000005409567    1.000000000000000   0.0000000000000000
out_inst:0_usecol:2_direct_idx0:65.55                      0.4999885434671952   -1.000000000000000   0.0000000000000000
in_inst:0_usecol:1_direct_idx0:65.75                      0.4932486726096637    1.000000000000000   0.0000000000000000
out_inst:0_usecol:2_direct_idx0:65.75                      0.4999850306771041   -1.000000000000000   0.0000000000000000
in_inst:0_usecol:1_direct_idx0:65.95                      0.4924495331543476    1.000000000000000   0.0000000000000000
out_inst:0_usecol:2_direct_idx0:65.95                      0.4999800231161914   -1.000000000000000   0.0000000000000000
in_inst:0_usecol:1_direct_idx0:66.15                      0.4918216044337313    1.000000000000000   0.0000000000000000
out_inst:0_usecol:2_direct_idx0:66.15                      0.4999730231045664   -1.000000000000000   0.0000000000000000
in_inst:0_usecol:1_direct_idx0:66.35                      0.4924215198766625    1.000000000000000   0.0000000000000000
out_inst:0_usecol:2_direct_idx0:66.35                      0.4999799183336454   -1.000000000000000   0.0000000000000000
in_inst:0_usecol:1_direct_idx0:66.55                      0.4931541587933784    1.000000000000000   0.0000000000000000
out_inst:0_usecol:2_direct_idx0:66.55                      0.4999848105100786   -1.000000000000000   0.0000000000000000
in_inst:0_usecol:1_direct_idx0:66.75                      0.4938866612027151    1.000000000000000   0.0000000000000000
out_inst:0_usecol:2_direct_idx0:66.75                      0.4999881858181465   -1.000000000000000   0.0000000000000000
in_inst:0_usecol:1_direct_idx0:66.95                      0.4944839579731597    1.000000000000000   0.0000000000000000
out_inst:0_usecol:2_direct_idx0:66.95                      0.4999903801860466   -1.000000000000000   0.0000000000000000
in_inst:0_usecol:1_direct_idx0:67.15                      0.4948436947213401    1.000000000000000   0.0000000000000000
out_inst:0_usecol:2_direct_idx0:67.15                      0.4999916122233640   -1.000000000000000   0.0000000000000000
in_inst:0_usecol:1_direct_idx0:67.35                      0.4949090886131106    1.000000000000000   0.0000000000000000
out_inst:0_usecol:2_direct_idx0:67.35                      0.4999920047435443   -1.000000000000000   0.0000000000000000
in_inst:0_usecol:1_direct_idx0:67.55                      0.4946702527069304    1.000000000000000   0.0000000000000000
out_inst:0_usecol:2_direct_idx0:67.55                      0.4999915968854612   -1.000000000000000   0.0000000000000000
in_inst:0_usecol:1_direct_idx0:67.75                      0.4941639543317763    1.000000000000000   0.0000000000000000
out_inst:0_usecol:2_direct_idx0:67.75                      0.4999903479809807   -1.000000000000000   0.0000000000000000
in_inst:0_usecol:1_direct_idx0:67.95                      0.4934737897761701    1.000000000000000   0.0000000000000000
out_inst:0_usecol:2_direct_idx0:67.95                      0.4999881335363285   -1.000000000000000   0.0000000000000000
in_inst:0_usecol:1_direct_idx0:68.15                      0.4927237588142145    1.000000000000000   0.0000000000000000
out_inst:0_usecol:2_direct_idx0:68.15                      0.4999847329450980   -1.000000000000000   0.0000000000000000
in_inst:0_usecol:1_direct_idx0:68.35                      0.4920534541380689    1.000000000000000   0.0000000000000000
out_inst:0_usecol:2_direct_idx0:68.35                      0.4999798077705376   -1.000000000000000   0.0000000000000000
in_inst:0_usecol:1_direct_idx0:68.55                      0.4915710023463229    1.000000000000000   0.0000000000000000
out_inst:0_usecol:2_direct_idx0:68.55                      0.4999728685652919   -1.000000000000000   0.0000000000000000
in_inst:0_usecol:1_direct_idx0:68.75                      0.4920514996613949    1.000000000000000   0.0000000000000000
out_inst:0_usecol:2_direct_idx0:68.75                      0.4999798088902505   -1.000000000000000   0.0000000000000000
in_inst:0_usecol:1_direct_idx0:68.95                      0.4927165369528994    1.000000000000000   0.0000000000000000
out_inst:0_usecol:2_direct_idx0:68.95                      0.4999847352978099   -1.000000000000000   0.0000000000000000
in_inst:0_usecol:1_direct_idx0:69.15                      0.4934564147795163    1.000000000000000   0.0000000000000000
out_inst:0_usecol:2_direct_idx0:69.15                      0.4999881373581588   -1.000000000000000   0.0000000000000000
in_inst:0_usecol:1_direct_idx0:69.35                      0.4941304915082776    1.000000000000000   0.0000000000000000
out_inst:0_usecol:2_direct_idx0:69.35                      0.4999903536546306   -1.000000000000000   0.0000000000000000
in_inst:0_usecol:1_direct_idx0:69.55                      0.4946145807604959    1.000000000000000   0.0000000000000000
out_inst:0_usecol:2_direct_idx0:69.55                      0.4999916049784821   -1.000000000000000   0.0000000000000000
in_inst:0_usecol:1_direct_idx0:69.75                      0.4948261580918337    1.000000000000000   0.0000000000000000
out_inst:0_usecol:2_direct_idx0:69.75                      0.4999920160649601   -1.000000000000000   0.0000000000000000
in_inst:0_usecol:1_direct_idx0:69.95                      0.4947313210717648    1.000000000000000   0.0000000000000000
out_inst:0_usecol:2_direct_idx0:69.95                      0.4999916279042467   -1.000000000000000   0.0000000000000000
in_inst:0_usecol:1_direct_idx0:70.15                      0.4943450937824591    1.000000000000000   0.0000000000000000
out_inst:0_usecol:2_direct_idx0:70.15                      0.4999904017919725   -1.000000000000000   0.0000000000000000
in_inst:0_usecol:1_direct_idx0:70.35                      0.4937314874903364    1.000000000000000   0.0000000000000000
out_inst:0_usecol:2_direct_idx0:70.35                      0.4999882155045177   -1.000000000000000   0.0000000000000000
in_inst:0_usecol:1_direct_idx0:70.55                      0.4930003708867295    1.000000000000000   0.0000000000000000
out_inst:0_usecol:2_direct_idx0:70.55                      0.4999848512353245   -1.000000000000000   0.0000000000000000
in_inst:0_usecol:1_direct_idx0:70.75                      0.4922905795677699    1.000000000000000   0.0000000000000000
out_inst:0_usecol:2_direct_idx0:70.75                      0.4999799741506806   -1.000000000000000   0.0000000000000000
in_inst:0_usecol:1_direct_idx0:70.95                      0.4917302438982619    1.000000000000000   0.0000000000000000
out_inst:0_usecol:2_direct_idx0:70.95                      0.4999730995578523   -1.000000000000000   0.0000000000000000
in_inst:0_usecol:1_direct_idx0:71.15                      0.4913844303576373    1.000000000000000   0.0000000000000000
out_inst:0_usecol:2_direct_idx0:71.15                      0.4999635456678677   -1.000000000000000   0.0000000000000000
in_inst:0_usecol:1_direct_idx0:71.35                      0.4917486339634428    1.000000000000000   0.0000000000000000
out_inst:0_usecol:2_direct_idx0:71.35                      0.4999669238171250   -1.000000000000000   0.0000000000000000
tot_inst:0_usecol:1_direct                      8.542600000000000    1.000000000000000   0.0000000000000000
p_inst:0_usecol:1_direct_idx0:boreholedepth                      71.25000000000000    1.000000000000000   0.0000000000000000
p_inst:0_usecol:1_direct_idx0:spatialdiscretizationofgrid                      2.500000000000000    1.000000000000000   0.0000000000000000
p_inst:0_usecol:1_direct_idx0:constantboreholecross-sectionalarea                      0.03141592700000000    1.000000000000000   0.0000000000000000
p_inst:0_usecol:1_direct_idx0:dispersivity                      1.300000000000000    1.000000000000000   0.0000000000000000
p_inst:0_usecol:1_direct_idx0:diffusioncoefficient                      1.000000000000000e-09    1.000000000000000   0.0000000000000000
p_inst:0_usecol:1_direct_idx0:tracerconcentrationofwaterinflow                      0.0000000000000000    1.000000000000000   0.0000000000000000
p_inst:0_usecol:1_direct_idx0:watertemperature                      28.50000000000000    1.000000000000000   0.0000000000000000
p_inst:0_usecol:1_direct_idx0:alphamin                      0.2000000000000000    1.000000000000000   0.0000000000000000
p_inst:0_usecol:1_direct_idx0:alphamax                      1.500000000000000    1.000000000000000   0.0000000000000000
p_inst:0_usecol:1_direct_idx0:flowmin                      0.0000000000000000    1.000000000000000   0.0000000000000000
p_inst:0_usecol:1_direct_idx0:flowmax                      2.000000000000000    1.000000000000000   0.0000000000000000
