single point
in_inst:0_usecol:1_direct_idx0:18.75                      0.4890866082250523    1.000000000000000   0.0000000000000000
out_inst:0_usecol:2_direct_idx0:18.75                      0.5013651226190086   -1.000000000000000   0.0000000000000000
in_inst:0_usecol:1_direct_idx0:18.95                      0.4915055328655408    1.000000000000000   0.0000000000000000
out_inst:0_usecol:2_direct_idx0:18.95                      0.5016580070514468   -1.000000000000000   0.0000000000000000
in_inst:0_usecol:1_direct_idx0:19.15                      0.4925993113039593    1.000000000000000   0.0000000000000000
out_inst:0_usecol:2_direct_idx0:19.15                      0.5016865223053624   -1.000000000000000   0.0000000000000000
in_inst:0_usecol:1_direct_idx0:19.35                      0.4935926496772251    1.000000000000000   0.0000000000000000
out_inst:0_usecol:2_direct_idx0:19.35                      0.5016915906269617   -1.000000000000000   0.0000000000000000
in_inst:0_usecol:1_direct_idx0:19.55                      0.4945134000730596    1.000000000000000   0.0000000000000000
out_inst:0_usecol:2_direct_idx0:19.55                      0.5016937145560521   -1.000000000000000   0.0000000000000000
in_inst:0_usecol:1_direct_idx0:19.75                      0.4953216129595356    1.000000000000000   0.0000000000000000
out_inst:0_usecol:2_direct_idx0:19.75                      0.5016947820235885   -1.000000000000000   0.0000000000000000
in_inst:0_usecol:1_direct_idx0:19.95                      0.4960003617307457    1.000000000000000   0.0000000000000000
out_inst:0_usecol:2_direct_idx0:19.95                      0.5016950163740159   -1.000000000000000   0.0000000000000000
in_inst:0_usecol:1_direct_idx0:20.15                      0.4965539873707495    1.000000000000000   0.0000000000000000
out_inst:0_usecol:2_direct_idx0:20.15                      0.5016942923016279   -1.000000000000000   0.0000000000000000
in_inst:0_usecol:1_direct_idx0:20.35                      0.4970007883143109    1.000000000000000   0.0000000000000000
out_inst:0_usecol:2_direct_idx0:20.35                      0.5016905119907332   -1.000000000000000   0.0000000000000000
in_inst:0_usecol:1_direct_idx0:20.55                      0.4973864155572594    1.000000000000000   0.0000000000000000
out_inst:0_usecol:2_direct_idx0:20.55                      0.5016592011965628   -1.000000000000000   0.0000000000000000
in_inst:0_usecol:1_direct_idx0:20.75                      0.4980226190278820    1.000000000000000   0.0000000000000000
out_inst:0_usecol:2_direct_idx0:20.75                      0.5013102026595626   -1.000000000000000   0.0000000000000000
in_inst:0_usecol:1_direct_idx0:20.95                      0.5023973284111207    1.000000000000000   0.0000000000000000
out_inst:0_usecol:2_direct_idx0:20.95                      0.4972063510578752   -1.000000000000000   0.0000000000000000
in_inst:0_usecol:1_direct_idx0:21.15                      0.5545253596093532    1.000000000000000   0.0000000000000000
out_inst:0_usecol:2_direct_idx0:21.15                      0.4508618352757638   -1.000000000000000   0.0000000000000000
in_inst:0_usecol:1_direct_idx0:21.35                      0.5029152338245177    1.000000000000000   0.0000000000000000
out_inst:0_usecol:2_direct_idx0:21.35                      0.4972063136352763   -1.000000000000000   0.0000000000000000
in_inst:0_usecol:1_direct_idx0:21.55                      0.4991044385359750    1.000000000000000   0.0000000000000000
out_inst:0_usecol:2_direct_idx0:21.55                      0.5013101236162542   -1.000000000000000   0.0000000000000000
in_inst:0_usecol:1_direct_idx0:21.75                      0.4991478909253761    1.000000000000000   0.0000000000000000
out_inst:0_usecol:2_direct_idx0:21.75                      0.5016590756292921   -1.000000000000000   0.0000000000000000
in_inst:0_usecol:1_direct_idx0:21.95                      0.4996268797511631    1.000000000000000   0.0000000000000000
out_inst:0_usecol:2_direct_idx0:21.95                      0.5016903206685979   -1.000000000000000   0.0000000000000000
in_inst:0_usecol:1_direct_idx0:22.15                      0.5003248945712785    1.000000000000000   0.0000000000000000
out_inst:0_usecol:2_direct_idx0:22.15                      0.5016940172471291   -1.000000000000000   0.0000000000000000
in_inst:0_usecol:1_direct_idx0:22.35                      0.5013336823825372    1.000000000000000   0.0000000000000000
out_inst:0_usecol:2_direct_idx0:22.35                      0.5016946104943817   -1.000000000000000   0.0000000000000000
in_inst:0_usecol:1_direct_idx0:22.55                      0.5028492776961668    1.000000000000000   0.0000000000000000
out_inst:0_usecol:2_direct_idx0:22.55                      0.5016940286964078   -1.000000000000000   0.0000000000000000
in_inst:0_usecol:1_direct_idx0:22.75                      0.5052426900451120    1.000000000000000   0.0000000000000000
out_inst:0_usecol:2_direct_idx0:22.75                      0.5016903388387151   -1.000000000000000   0.0000000000000000
in_inst:0_usecol:1_direct_idx0:22.95                      0.5093524664158563    1.000000000000000   0.0000000000000000
out_inst:0_usecol:2_direct_idx0:22.95                      0.5016590740717726   -1.000000000000000   0.0000000000000000
in_inst:0_usecol:1_direct_idx0:23.15                      0.5181989448529819    1.000000000000000   0.0000000000000000
out_inst:0_usecol:2_direct_idx0:23.15                      0.5013097290503709   -1.000000000000000   0.0000000000000000
in_inst:0_usecol:1_direct_idx0:23.35                      0.5537679319742860    1.000000000000000   0.0000000000000000
out_inst:0_usecol:2_direct_idx0:23.35                      0.4972011223072245   -1.000000000000000   0.0000000000000000
in_inst:0_usecol:1_direct_idx0:23.55                      0.9369458158322302    1.000000000000000   0.0000000000000000
out_inst:0_usecol:2_direct_idx0:23.55                      0.4508050618391847   -1.000000000000000   0.0000000000000000
in_inst:0_usecol:1_direct_idx0:23.75                      0.5544622745975675    1.000000000000000   0.0000000000000000
out_inst:0_usecol:2_direct_idx0:23.75                      0.4972012248699744   -1.000000000000000   0.0000000000000000
in_inst:0_usecol:1_direct_idx0:23.95                      0.5191609034760043    1.000000000000000   0.0000000000000000
out_inst:0_usecol:2_direct_idx0:23.95                      0.5013099468041787   -1.000000000000000   0.0000000000000000
in_inst:0_usecol:1_direct_idx0:24.15                      0.5105244262954464    1.000000000000000   0.0000000000000000
out_inst:0_usecol:2_direct_idx0:24.15                      0.5016594320349735   -1.000000000000000   0.0000000000000000
in_inst:0_usecol:1_direct_idx0:24.35                      0.5066594569255963    1.000000000000000   0.0000000000000000
out_inst:0_usecol:2_direct_idx0:24.35                      0.5016908732220544   -1.000000000000000   0.0000000000000000
in_inst:0_usecol:1_direct_idx0:24.55                      0.5046015193872413    1.000000000000000   0.0000000000000000
out_inst:0_usecol:2_direct_idx0:24.55                      0.5016947929596453   -1.000000000000000   0.0000000000000000
in_inst:0_usecol:1_direct_idx0:24.75                      0.5035663796568600    1.000000000000000   0.0000000000000000
out_inst:0_usecol:2_direct_idx0:24.75                      0.5016957008872179   -1.000000000000000   0.0000000000000000
in_inst:0_usecol:1_direct_idx0:24.95                      0.5032574446963261    1.000000000000000   0.0000000000000000
out_inst:0_usecol:2_direct_idx0:24.95                      0.5016957004355121   -1.000000000000000   0.0000000000000000
in_inst:0_usecol:1_direct_idx0:25.15                      0.5035955198109165    1.000000000000000   0.0000000000000000
out_inst:0_usecol:2_direct_idx0:25.15                      0.5016947861296950   -1.000000000000000   0.0000000000000000
in_inst:0_usecol:1_direct_idx0:25.35                      0.5046746194917687    1.000000000000000   0.0000000000000000
out_inst:0_usecol:2_direct_idx0:25.35                      0.5016908892073860   -1.000000000000000   0.0000000000000000
in_inst:0_usecol:1_direct_idx0:25.55                      0.5068846012342292    1.000000000000000   0.0000000000000000
out_inst:0_usecol:2_direct_idx0:25.55                      0.5016596053394641   -1.000000000000000   0.0000000000000000
in_inst:0_usecol:1_direct_idx0:25.75                      0.5120172357911252    1.000000000000000   0.0000000000000000
out_inst:0_usecol:2_direct_idx0:25.75                      0.5013120410966367   -1.000000000000000   0.0000000000000000
in_inst:0_usecol:1_direct_idx0:25.95                      0.5352622141414171    1.000000000000000   0.0000000000000000
out_inst:0_usecol:2_direct_idx0:25.95                      0.4972259078352591   -1.000000000000000   0.0000000000000000
in_inst:0_usecol:1_direct_idx0:26.15                      0.7915989333718328    1.000000000000000   0.0000000000000000
out_inst:0_usecol:2_direct_idx0:26.15                      0.4510717921064257   -1.000000000000000   0.0000000000000000
in_inst:0_usecol:1_direct_idx0:26.35                      0.5351003775594512    1.000000000000000   0.0000000000000000
out_inst:0_usecol:2_direct_idx0:26.35                      0.4972258080420829   -1.000000000000000   0.0000000000000000
in_inst:0_usecol:1_direct_idx0:26.55                      0.5117645619086397    1.000000000000000   0.0000000000000000
out_inst:0_usecol:2_direct_idx0:26.55                      0.5013118216221880   -1.000000000000000   0.0000000000000000
in_inst:0_usecol:1_direct_idx0:26.75                      0.5065475357096009    1.000000000000000   0.0000000000000000
out_inst:0_usecol:2_direct_idx0:26.75                      0.5016592522314364   -1.000000000000000   0.0000000000000000
in_inst:0_usecol:1_direct_idx0:26.95                      0.5042355623962925    1.000000000000000   0.0000000000000000
out_inst:0_usecol:2_direct_idx0:26.95                      0.5016903629021316   -1.000000000000000   0.0000000000000000
in_inst:0_usecol:1_direct_idx0:27.15                      0.5030156777054122    1.000000000000000   0.0000000000000000
out_inst:0_usecol:2_direct_idx0:27.15                      0.5016940368216134   -1.000000000000000   0.0000000000000000
in_inst:0_usecol:1_direct_idx0:27.35                      0.5024706546267120    1.000000000000000   0.0000000000000000
out_inst:0_usecol:2_direct_idx0:27.35                      0.5016946312971359   -1.000000000000000   0.0000000000000000
in_inst:0_usecol:1_direct_idx0:27.55                      0.5024624932007224    1.000000000000000   0.0000000000000000
out_inst:0_usecol:2_direct_idx0:27.55                      0.5016940437055395   -1.000000000000000   0.0000000000000000
in_inst:0_usecol:1_direct_idx0:27.75                      0.5029945284323130    1.000000000000000   0.0000000000000000
out_inst:0_usecol:2_direct_idx0:27.75                      0.5016904052784229   -1.000000000000000   0.0000000000000000
in_inst:0_usecol:1_direct_idx0:27.95                      0.5042641999516800    1.000000000000000   0.0000000000000000
out_inst:0_usecol:2_direct_idx0:27.95                      0.5016597135740244   -1.000000000000000   0.0000000000000000
in_inst:0_usecol:1_direct_idx0:28.15                      0.5074470616226090    1.000000000000000   0.0000000000000000
out_inst:0_usecol:2_direct_idx0:28.15                      0.5013173114552348   -1.000000000000000   0.0000000000000000
in_inst:0_usecol:1_direct_idx0:28.35                      0.5237111923622527    1.000000000000000   0.0000000000000000
out_inst:0_usecol:2_direct_idx0:28.35                      0.4972907154451007   -1.000000000000000   0.0000000000000000
in_inst:0_usecol:1_direct_idx0:28.55                      0.7068566686668014    1.000000000000000   0.0000000000000000
out_inst:0_usecol:2_direct_idx0:28.55                      0.4517739239408705   -1.000000000000000   0.0000000000000000
in_inst:0_usecol:1_direct_idx0:28.75                      0.5234120831142897    1.000000000000000   0.0000000000000000
out_inst:0_usecol:2_direct_idx0:28.75                      0.4972908168065672   -1.000000000000000   0.0000000000000000
in_inst:0_usecol:1_direct_idx0:28.95                      0.5069414324331472    1.000000000000000   0.0000000000000000
out_inst:0_usecol:2_direct_idx0:28.95                      0.5013175293959730   -1.000000000000000   0.0000000000000000
in_inst:0_usecol:1_direct_idx0:29.15                      0.5035520562063066    1.000000000000000   0.0000000000000000
out_inst:0_usecol:2_direct_idx0:29.15                      0.5016600662127737   -1.000000000000000   0.0000000000000000
in_inst:0_usecol:1_direct_idx0:29.35                      0.5020318553176953    1.000000000000000   0.0000000000000000
out_inst:0_usecol:2_direct_idx0:29.35                      0.5016909266138523   -1.000000000000000   0.0000000000000000
in_inst:0_usecol:1_direct_idx0:29.55                      0.5011610403299640    1.000000000000000   0.0000000000000000
out_inst:0_usecol:2_direct_idx0:29.55                      0.5016947928248540   -1.000000000000000   0.0000000000000000
in_inst:0_usecol:1_direct_idx0:29.75                      0.5006833572327412    1.000000000000000   0.0000000000000000
out_inst:0_usecol:2_direct_idx0:29.75                      0.5016957012878678   -1.000000000000000   0.0000000000000000
in_inst:0_usecol:1_direct_idx0:29.95                      0.5005017484587029    1.000000000000000   0.0000000000000000
out_inst:0_usecol:2_direct_idx0:29.95                      0.5016957018402622   -1.000000000000000   0.0000000000000000
in_inst:0_usecol:1_direct_idx0:30.15                      0.5005834601598497    1.000000000000000   0.0000000000000000
out_inst:0_usecol:2_direct_idx0:30.15                      0.5016948000055453   -1.000000000000000   0.0000000000000000
in_inst:0_usecol:1_direct_idx0:30.35                      0.5009472678359427    1.000000000000000   0.0000000000000000
out_inst:0_usecol:2_direct_idx0:30.35                      0.5016909720605985   -1.000000000000000   0.0000000000000000
in_inst:0_usecol:1_direct_idx0:30.55                      0.5017116804675359    1.000000000000000   0.0000000000000000
out_inst:0_usecol:2_direct_idx0:30.55                      0.5016605641754518   -1.000000000000000   0.0000000000000000
in_inst:0_usecol:1_direct_idx0:30.75                      0.5036417645877180    1.000000000000000   0.0000000000000000
out_inst:0_usecol:2_direct_idx0:30.75                      0.5013234554840327   -1.000000000000000   0.0000000000000000
in_inst:0_usecol:1_direct_idx0:30.95                      0.5145446179181861    1.000000000000000   0.0000000000000000
out_inst:0_usecol:2_direct_idx0:30.95                      0.4973608695516798   -1.000000000000000   0.0000000000000000
in_inst:0_usecol:1_direct_idx0:31.15                      0.6382300425747315    1.000000000000000   0.0000000000000000
out_inst:0_usecol:2_direct_idx0:31.15                      0.4525328565378485   -1.000000000000000   0.0000000000000000
in_inst:0_usecol:1_direct_idx0:31.35                      0.5144376472454356    1.000000000000000   0.0000000000000000
out_inst:0_usecol:2_direct_idx0:31.35                      0.4973607683245176   -1.000000000000000   0.0000000000000000
in_inst:0_usecol:1_direct_idx0:31.55                      0.5034475521845210    1.000000000000000   0.0000000000000000
out_inst:0_usecol:2_direct_idx0:31.55                      0.5013232393321888   -1.000000000000000   0.0000000000000000
in_inst:0_usecol:1_direct_idx0:31.75                      0.5014250116340365    1.000000000000000   0.0000000000000000
out_inst:0_usecol:2_direct_idx0:31.75                      0.5016602127758948   -1.000000000000000   0.0000000000000000
in_inst:0_usecol:1_direct_idx0:31.95                      0.5005480669614912    1.000000000000000   0.0000000000000000
out_inst:0_usecol:2_direct_idx0:31.95                      0.5016904436822972   -1.000000000000000   0.0000000000000000
in_inst:0_usecol:1_direct_idx0:32.15                      0.5000355161039938    1.000000000000000   0.0000000000000000
out_inst:0_usecol:2_direct_idx0:32.15                      0.5016940454689620   -1.000000000000000   0.0000000000000000
in_inst:0_usecol:1_direct_idx0:32.35                      0.4997477906850672    1.000000000000000   0.0000000000000000
out_inst:0_usecol:2_direct_idx0:32.35                      0.5016946341079992   -1.000000000000000   0.0000000000000000
in_inst:0_usecol:1_direct_idx0:32.55                      0.4996351406738375    1.000000000000000   0.0000000000000000
out_inst:0_usecol:2_direct_idx0:32.55                      0.5016940486265820   -1.000000000000000   0.0000000000000000
in_inst:0_usecol:1_direct_idx0:32.75                      0.4996827950479439    1.000000000000000   0.0000000000000000
out_inst:0_usecol:2_direct_idx0:32.75                      0.5016904815734539   -1.000000000000000   0.0000000000000000
in_inst:0_usecol:1_direct_idx0:32.95                      0.4999294089093867    1.000000000000000   0.0000000000000000
out_inst:0_usecol:2_direct_idx0:32.95                      0.5016606642850934   -1.000000000000000   0.0000000000000000
in_inst:0_usecol:1_direct_idx0:33.15                      0.5007892063940690    1.000000000000000   0.0000000000000000
out_inst:0_usecol:2_direct_idx0:33.15                      0.5013286360529601   -1.000000000000000   0.0000000000000000
in_inst:0_usecol:1_direct_idx0:33.35                      0.5069188518769874    1.000000000000000   0.0000000000000000
out_inst:0_usecol:2_direct_idx0:33.35                      0.4974245732111167   -1.000000000000000   0.0000000000000000
in_inst:0_usecol:1_direct_idx0:33.55                      0.5779673951224195    1.000000000000000   0.0000000000000000
out_inst:0_usecol:2_direct_idx0:33.55                      0.4532251724104990   -1.000000000000000   0.0000000000000000
in_inst:0_usecol:1_direct_idx0:33.75                      0.5067956980109681    1.000000000000000   0.0000000000000000
out_inst:0_usecol:2_direct_idx0:33.75                      0.4974246778040970   -1.000000000000000   0.0000000000000000
in_inst:0_usecol:1_direct_idx0:33.95                      0.5005483055642480    1.000000000000000   0.0000000000000000
out_inst:0_usecol:2_direct_idx0:33.95                      0.5013288526065287   -1.000000000000000   0.0000000000000000
in_inst:0_usecol:1_direct_idx0:34.15                      0.4995551956729889    1.000000000000000   0.0000000000000000
out_inst:0_usecol:2_direct_idx0:34.15                      0.5016610170988284   -1.000000000000000   0.0000000000000000
in_inst:0_usecol:1_direct_idx0:34.35                      0.4991429390536193    1.000000000000000   0.0000000000000000
out_inst:0_usecol:2_direct_idx0:34.35                      0.5016910064177261   -1.000000000000000   0.0000000000000000
in_inst:0_usecol:1_direct_idx0:34.55                      0.4988768937754552    1.000000000000000   0.0000000000000000
out_inst:0_usecol:2_direct_idx0:34.55                      0.5016947995251901   -1.000000000000000   0.0000000000000000
in_inst:0_usecol:1_direct_idx0:34.75                      0.4986909654791742    1.000000000000000   0.0000000000000000
out_inst:0_usecol:2_direct_idx0:34.75                      0.5016957018856090   -1.000000000000000   0.0000000000000000
in_inst:0_usecol:1_direct_idx0:34.95                      0.4985598794561029    1.000000000000000   0.0000000000000000
out_inst:0_usecol:2_direct_idx0:34.95                      0.5016957023114740   -1.000000000000000   0.0000000000000000
in_inst:0_usecol:1_direct_idx0:35.15                      0.4984682739007527    1.000000000000000   0.0000000000000000
out_inst:0_usecol:2_direct_idx0:35.15                      0.5016948050613974   -1.000000000000000   0.0000000000000000
in_inst:0_usecol:1_direct_idx0:35.35                      0.4984066362832255    1.000000000000000   0.0000000000000000
out_inst:0_usecol:2_direct_idx0:35.35                      0.5016910322584277   -1.000000000000000   0.0000000000000000
in_inst:0_usecol:1_direct_idx0:35.55                      0.4983772526006943    1.000000000000000   0.0000000000000000
out_inst:0_usecol:2_direct_idx0:35.55                      0.5016612814501040   -1.000000000000000   0.0000000000000000
in_inst:0_usecol:1_direct_idx0:35.75                      0.4984842751850539    1.000000000000000   0.0000000000000000
out_inst:0_usecol:2_direct_idx0:35.75                      0.5013319969084440   -1.000000000000000   0.0000000000000000
in_inst:0_usecol:1_direct_idx0:35.95                      0.5000205187636980    1.000000000000000   0.0000000000000000
out_inst:0_usecol:2_direct_idx0:35.95                      0.4974618547398377   -1.000000000000000   0.0000000000000000
in_inst:0_usecol:1_direct_idx0:36.15                      0.5187855173940852    1.000000000000000   0.0000000000000000
out_inst:0_usecol:2_direct_idx0:36.15                      0.4536289584395582   -1.000000000000000   0.0000000000000000
in_inst:0_usecol:1_direct_idx0:36.35                      0.5005314013116049    1.000000000000000   0.0000000000000000
out_inst:0_usecol:2_direct_idx0:36.35                      0.4974617484765703   -1.000000000000000   0.0000000000000000
in_inst:0_usecol:1_direct_idx0:36.55                      0.4995875879581013    1.000000000000000   0.0000000000000000
out_inst:0_usecol:2_direct_idx0:36.55                      0.5013317803307450   -1.000000000000000   0.0000000000000000
in_inst:0_usecol:1_direct_idx0:36.75                      0.5002425003267187    1.000000000000000   0.0000000000000000
out_inst:0_usecol:2_direct_idx0:36.75                      0.5016609300386741   -1.000000000000000   0.0000000000000000
in_inst:0_usecol:1_direct_idx0:36.95                      0.5013279146268708    1.000000000000000   0.0000000000000000
out_inst:0_usecol:2_direct_idx0:36.95                      0.5016905041664419   -1.000000000000000   0.0000000000000000
in_inst:0_usecol:1_direct_idx0:37.15                      0.5029498566820111    1.000000000000000   0.0000000000000000
out_inst:0_usecol:2_direct_idx0:37.15                      0.5016940539732313   -1.000000000000000   0.0000000000000000
in_inst:0_usecol:1_direct_idx0:37.35                      0.5054924594611665    1.000000000000000   0.0000000000000000
out_inst:0_usecol:2_direct_idx0:37.35                      0.5016946756747322   -1.000000000000000   0.0000000000000000
in_inst:0_usecol:1_direct_idx0:37.55                      0.5097458372157431    1.000000000000000   0.0000000000000000
out_inst:0_usecol:2_direct_idx0:37.55                      0.5016945389228364   -1.000000000000000   0.0000000000000000
in_inst:0_usecol:1_direct_idx0:37.75                      0.5174899271962583    1.000000000000000   0.0000000000000000
out_inst:0_usecol:2_direct_idx0:37.75                      0.5016963235514453   -1.000000000000000   0.0000000000000000
in_inst:0_usecol:1_direct_idx0:37.95                      0.5334018925792844    1.000000000000000   0.0000000000000000
out_inst:0_usecol:2_direct_idx0:37.95                      0.5017302780131452   -1.000000000000000   0.0000000000000000
in_inst:0_usecol:1_direct_idx0:38.15                      0.5733466398047032    1.000000000000000   0.0000000000000000
out_inst:0_usecol:2_direct_idx0:38.15                      0.5021582379094516   -1.000000000000000   0.0000000000000000
in_inst:0_usecol:1_direct_idx0:38.35                      0.7245651323995890    1.000000000000000   0.0000000000000000
out_inst:0_usecol:2_direct_idx0:38.35                      0.5073222694647713   -1.000000000000000   0.0000000000000000
in_inst:0_usecol:1_direct_idx0:38.55                      2.495155176105354    1.000000000000000   0.0000000000000000
out_inst:0_usecol:2_direct_idx0:38.55                      0.5731604473944945   -1.000000000000000   0.0000000000000000
in_inst:0_usecol:1_direct_idx0:38.75                      0.7283818075709783    1.000000000000000   0.0000000000000000
out_inst:0_usecol:2_direct_idx0:38.75                      0.5073223744339036   -1.000000000000000   0.0000000000000000
in_inst:0_usecol:1_direct_idx0:38.95                      0.5768450792005172    1.000000000000000   0.0000000000000000
out_inst:0_usecol:2_direct_idx0:38.95                      0.5021584546816612   -1.000000000000000   0.0000000000000000
in_inst:0_usecol:1_direct_idx0:39.15                      0.5366046566289850    1.000000000000000   0.0000000000000000
out_inst:0_usecol:2_direct_idx0:39.15                      0.5017306308884815   -1.000000000000000   0.0000000000000000
in_inst:0_usecol:1_direct_idx0:39.35                      0.5206352862585222    1.000000000000000   0.0000000000000000
out_inst:0_usecol:2_direct_idx0:39.35                      0.5016968486920989   -1.000000000000000   0.0000000000000000
in_inst:0_usecol:1_direct_idx0:39.55                      0.5130942548605284    1.000000000000000   0.0000000000000000
out_inst:0_usecol:2_direct_idx0:39.55                      0.5016952932905521   -1.000000000000000   0.0000000000000000
in_inst:0_usecol:1_direct_idx0:39.75                      0.5093276763415951    1.000000000000000   0.0000000000000000
out_inst:0_usecol:2_direct_idx0:39.75                      0.5016957446148710   -1.000000000000000   0.0000000000000000
in_inst:0_usecol:1_direct_idx0:39.95                      0.5076290454521238    1.000000000000000   0.0000000000000000
out_inst:0_usecol:2_direct_idx0:39.95                      0.5016957212966284   -1.000000000000000   0.0000000000000000
in_inst:0_usecol:1_direct_idx0:40.15                      0.5073632943980698    1.000000000000000   0.0000000000000000
out_inst:0_usecol:2_direct_idx0:40.15                      0.5016950102542860   -1.000000000000000   0.0000000000000000
in_inst:0_usecol:1_direct_idx0:40.35                      0.5084390338659706    1.000000000000000   0.0000000000000000
out_inst:0_usecol:2_direct_idx0:40.35                      0.5016934755740149   -1.000000000000000   0.0000000000000000
in_inst:0_usecol:1_direct_idx0:40.55                      0.5112437147138478    1.000000000000000   0.0000000000000000
out_inst:0_usecol:2_direct_idx0:40.55                      0.5016904352765336   -1.000000000000000   0.0000000000000000
in_inst:0_usecol:1_direct_idx0:40.75                      0.5169787118658750    1.000000000000000   0.0000000000000000
out_inst:0_usecol:2_direct_idx0:40.75                      0.5016792817006371   -1.000000000000000   0.0000000000000000
in_inst:0_usecol:1_direct_idx0:40.95                      0.5292212153835374    1.000000000000000   0.0000000000000000
out_inst:0_usecol:2_direct_idx0:40.95                      0.5015837432875597   -1.000000000000000   0.0000000000000000
in_inst:0_usecol:1_direct_idx0:41.15                      0.5639943549586574    1.000000000000000   0.0000000000000000
out_inst:0_usecol:2_direct_idx0:41.15                      0.5004999701757333   -1.000000000000000   0.0000000000000000
in_inst:0_usecol:1_direct_idx0:41.35                      0.5281932320016284    1.000000000000000   0.0000000000000000
out_inst:0_usecol:2_direct_idx0:41.35                      0.5015836395177284   -1.000000000000000   0.0000000000000000
in_inst:0_usecol:1_direct_idx0:41.55                      0.5154289748968965    1.000000000000000   0.0000000000000000
out_inst:0_usecol:2_direct_idx0:41.55                      0.5016790652785449   -1.000000000000000   0.0000000000000000
in_inst:0_usecol:1_direct_idx0:41.75                      0.5092596208720119    1.000000000000000   0.0000000000000000
out_inst:0_usecol:2_direct_idx0:41.75                      0.5016900841367370   -1.000000000000000   0.0000000000000000
in_inst:0_usecol:1_direct_idx0:41.95                      0.5059175771813097    1.000000000000000   0.0000000000000000
out_inst:0_usecol:2_direct_idx0:41.95                      0.5016929506721585   -1.000000000000000   0.0000000000000000
in_inst:0_usecol:1_direct_idx0:42.15                      0.5040593717355825    1.000000000000000   0.0000000000000000
out_inst:0_usecol:2_direct_idx0:42.15                      0.5016942570026923   -1.000000000000000   0.0000000000000000
in_inst:0_usecol:1_direct_idx0:42.35                      0.5031061736186875    1.000000000000000   0.0000000000000000
out_inst:0_usecol:2_direct_idx0:42.35                      0.5016946655030876   -1.000000000000000   0.0000000000000000
in_inst:0_usecol:1_direct_idx0:42.55                      0.5028053081018372    1.000000000000000   0.0000000000000000
out_inst:0_usecol:2_direct_idx0:42.55                      0.5016942138329314   -1.000000000000000   0.0000000000000000
in_inst:0_usecol:1_direct_idx0:42.75                      0.5030842847330514    1.000000000000000   0.0000000000000000
out_inst:0_usecol:2_direct_idx0:42.75                      0.5016924326366333   -1.000000000000000   0.0000000000000000
in_inst:0_usecol:1_direct_idx0:42.95                      0.5040239711719465    1.000000000000000   0.0000000000000000
out_inst:0_usecol:2_direct_idx0:42.95                      0.5016839109501873   -1.000000000000000   0.0000000000000000
in_inst:0_usecol:1_direct_idx0:43.15                      0.5060248340244132    1.000000000000000   0.0000000000000000
out_inst:0_usecol:2_direct_idx0:43.15                      0.5016055116252439   -1.000000000000000   0.0000000000000000
in_inst:0_usecol:1_direct_idx0:43.35                      0.5115321161862290    1.000000000000000   0.0000000000000000
out_inst:0_usecol:2_direct_idx0:43.35                      0.5007080359361749   -1.000000000000000   0.0000000000000000
in_inst:0_usecol:1_direct_idx0:43.55                      0.5453670208381675    1.000000000000000   0.0000000000000000
out_inst:0_usecol:2_direct_idx0:43.55                      0.4901873778828006   -1.000000000000000   0.0000000000000000
in_inst:0_usecol:1_direct_idx0:43.75                      0.5110798326605610    1.000000000000000   0.0000000000000000
out_inst:0_usecol:2_direct_idx0:43.75                      0.5007081395249864   -1.000000000000000   0.0000000000000000
in_inst:0_usecol:1_direct_idx0:43.95                      0.5052324613648018    1.000000000000000   0.0000000000000000
out_inst:0_usecol:2_direct_idx0:43.95                      0.5016057280153325   -1.000000000000000   0.0000000000000000
in_inst:0_usecol:1_direct_idx0:44.15                      0.5028914518980284    1.000000000000000   0.0000000000000000
out_inst:0_usecol:2_direct_idx0:44.15                      0.5016842620820685   -1.000000000000000   0.0000000000000000
in_inst:0_usecol:1_direct_idx0:44.35                      0.5015366670284259    1.000000000000000   0.0000000000000000
out_inst:0_usecol:2_direct_idx0:44.35                      0.5016929574955780   -1.000000000000000   0.0000000000000000
in_inst:0_usecol:1_direct_idx0:44.55                      0.5006933848145497    1.000000000000000   0.0000000000000000
out_inst:0_usecol:2_direct_idx0:44.55                      0.5016949665755334   -1.000000000000000   0.0000000000000000
in_inst:0_usecol:1_direct_idx0:44.75                      0.5001795962917773    1.000000000000000   0.0000000000000000
out_inst:0_usecol:2_direct_idx0:44.75                      0.5016957152309686   -1.000000000000000   0.0000000000000000
in_inst:0_usecol:1_direct_idx0:44.95                      0.4999032086928287    1.000000000000000   0.0000000000000000
out_inst:0_usecol:2_direct_idx0:44.95                      0.5016957155049653   -1.000000000000000   0.0000000000000000
in_inst:0_usecol:1_direct_idx0:45.15                      0.4998190082938244    1.000000000000000   0.0000000000000000
out_inst:0_usecol:2_direct_idx0:45.15                      0.5016949701374817   -1.000000000000000   0.0000000000000000
in_inst:0_usecol:1_direct_idx0:45.35                      0.4999140012678837    1.000000000000000   0.0000000000000000
out_inst:0_usecol:2_direct_idx0:45.35                      0.5016929999647979   -1.000000000000000   0.0000000000000000
in_inst:0_usecol:1_direct_idx0:45.55                      0.5002056525353249    1.000000000000000   0.0000000000000000
out_inst:0_usecol:2_direct_idx0:45.55                      0.5016847681422136   -1.000000000000000   0.0000000000000000
in_inst:0_usecol:1_direct_idx0:45.75                      0.5007722335777602    1.000000000000000   0.0000000000000000
out_inst:0_usecol:2_direct_idx0:45.75                      0.5016117573578094   -1.000000000000000   0.0000000000000000
in_inst:0_usecol:1_direct_idx0:45.95                      0.5020781241119711    1.000000000000000   0.0000000000000000
out_inst:0_usecol:2_direct_idx0:45.95                      0.5007798617926618   -1.000000000000000   0.0000000000000000
in_inst:0_usecol:1_direct_idx0:46.15                      0.5087499213829008    1.000000000000000   0.0000000000000000
out_inst:0_usecol:2_direct_idx0:46.15                      0.4910247229285308   -1.000000000000000   0.0000000000000000
in_inst:0_usecol:1_direct_idx0:46.35                      0.5019318145814389    1.000000000000000   0.0000000000000000
out_inst:0_usecol:2_direct_idx0:46.35                      0.5007797581773065   -1.000000000000000   0.0000000000000000
in_inst:0_usecol:1_direct_idx0:46.55                      0.5004871027178578    1.000000000000000   0.0000000000000000
out_inst:0_usecol:2_direct_idx0:46.55                      0.5016115408244066   -1.000000000000000   0.0000000000000000
in_inst:0_usecol:1_direct_idx0:46.75                      0.4997670543723081    1.000000000000000   0.0000000000000000
out_inst:0_usecol:2_direct_idx0:46.75                      0.5016844153329022   -1.000000000000000   0.0000000000000000
in_inst:0_usecol:1_direct_idx0:46.95                      0.4992863433354011    1.000000000000000   0.0000000000000000
out_inst:0_usecol:2_direct_idx0:46.95                      0.5016924752304550   -1.000000000000000   0.0000000000000000
in_inst:0_usecol:1_direct_idx0:47.15                      0.4989430057362160    1.000000000000000   0.0000000000000000
out_inst:0_usecol:2_direct_idx0:47.15                      0.5016942205671232   -1.000000000000000   0.0000000000000000
in_inst:0_usecol:1_direct_idx0:47.35                      0.4986884578923768    1.000000000000000   0.0000000000000000
out_inst:0_usecol:2_direct_idx0:47.35                      0.5016946635431557   -1.000000000000000   0.0000000000000000
in_inst:0_usecol:1_direct_idx0:47.55                      0.4984910083863777    1.000000000000000   0.0000000000000000
out_inst:0_usecol:2_direct_idx0:47.55                      0.5016942267499495   -1.000000000000000   0.0000000000000000
in_inst:0_usecol:1_direct_idx0:47.75                      0.4983266571265423    1.000000000000000   0.0000000000000000
out_inst:0_usecol:2_direct_idx0:47.75                      0.5016925494241503   -1.000000000000000   0.0000000000000000
in_inst:0_usecol:1_direct_idx0:47.95                      0.4981621689832331    1.000000000000000   0.0000000000000000
out_inst:0_usecol:2_direct_idx0:47.95                      0.5016852994609620   -1.000000000000000   0.0000000000000000
in_inst:0_usecol:1_direct_idx0:48.15                      0.4977971892181091    1.000000000000000   0.0000000000000000
out_inst:0_usecol:2_direct_idx0:48.15                      0.5016220747404765   -1.000000000000000   0.0000000000000000
in_inst:0_usecol:1_direct_idx0:48.35                      0.4950168738145712    1.000000000000000   0.0000000000000000
out_inst:0_usecol:2_direct_idx0:48.35                      0.5009050873817704   -1.000000000000000   0.0000000000000000
in_inst:0_usecol:1_direct_idx0:48.55                      0.4646213841423959    1.000000000000000   0.0000000000000000
out_inst:0_usecol:2_direct_idx0:48.55                      0.4924910660239782   -1.000000000000000   0.0000000000000000
in_inst:0_usecol:1_direct_idx0:48.75                      0.4949235933604238    1.000000000000000   0.0000000000000000
out_inst:0_usecol:2_direct_idx0:48.75                      0.5009051910247104   -1.000000000000000   0.0000000000000000
in_inst:0_usecol:1_direct_idx0:48.95                      0.4975980080210318    1.000000000000000   0.0000000000000000
out_inst:0_usecol:2_direct_idx0:48.95                      0.5016222913024121   -1.000000000000000   0.0000000000000000
in_inst:0_usecol:1_direct_idx0:49.15                      0.4978356222357903    1.000000000000000   0.0000000000000000
out_inst:0_usecol:2_direct_idx0:49.15                      0.5016856525572396   -1.000000000000000   0.0000000000000000
in_inst:0_usecol:1_direct_idx0:49.35                      0.4978383836259498    1.000000000000000   0.0000000000000000
out_inst:0_usecol:2_direct_idx0:49.35                      0.5016930775706674   -1.000000000000000   0.0000000000000000
in_inst:0_usecol:1_direct_idx0:49.55                      0.4977902330936617    1.000000000000000   0.0000000000000000
out_inst:0_usecol:2_direct_idx0:49.55                      0.5016949767991278   -1.000000000000000   0.0000000000000000
in_inst:0_usecol:1_direct_idx0:49.75                      0.4977024395176545    1.000000000000000   0.0000000000000000
out_inst:0_usecol:2_direct_idx0:49.75                      0.5016957178404667   -1.000000000000000   0.0000000000000000
in_inst:0_usecol:1_direct_idx0:49.95                      0.4975689443441731    1.000000000000000   0.0000000000000000
out_inst:0_usecol:2_direct_idx0:49.95                      0.5016957164955731   -1.000000000000000   0.0000000000000000
in_inst:0_usecol:1_direct_idx0:50.15                      0.4973789720538304    1.000000000000000   0.0000000000000000
out_inst:0_usecol:2_direct_idx0:50.15                      0.5016949794152662   -1.000000000000000   0.0000000000000000
in_inst:0_usecol:1_direct_idx0:50.35                      0.4971152664913587    1.000000000000000   0.0000000000000000
out_inst:0_usecol:2_direct_idx0:50.35                      0.5016931103071871   -1.000000000000000   0.0000000000000000
in_inst:0_usecol:1_direct_idx0:50.55                      0.4967209504591819    1.000000000000000   0.0000000000000000
out_inst:0_usecol:2_direct_idx0:50.55                      0.5016860829531812   -1.000000000000000   0.0000000000000000
in_inst:0_usecol:1_direct_idx0:50.75                      0.4957018372942353    1.000000000000000   0.0000000000000000
out_inst:0_usecol:2_direct_idx0:50.75                      0.5016274226926585   -1.000000000000000   0.0000000000000000
in_inst:0_usecol:1_direct_idx0:50.95                      0.4884291148211387    1.000000000000000   0.0000000000000000
out_inst:0_usecol:2_direct_idx0:50.95                      0.5009662533606664   -1.000000000000000   0.0000000000000000
in_inst:0_usecol:1_direct_idx0:51.15                      0.4146602224345377    1.000000000000000   0.0000000000000000
out_inst:0_usecol:2_direct_idx0:51.15                      0.4932069433940182   -1.000000000000000   0.0000000000000000
in_inst:0_usecol:1_direct_idx0:51.35                      0.4886025678802703    1.000000000000000   0.0000000000000000
out_inst:0_usecol:2_direct_idx0:51.35                      0.5009661497067495   -1.000000000000000   0.0000000000000000
in_inst:0_usecol:1_direct_idx0:51.55                      0.4961083376270453    1.000000000000000   0.0000000000000000
out_inst:0_usecol:2_direct_idx0:51.55                      0.5016272061525466   -1.000000000000000   0.0000000000000000
in_inst:0_usecol:1_direct_idx0:51.75                      0.4974373975494611    1.000000000000000   0.0000000000000000
out_inst:0_usecol:2_direct_idx0:51.75                      0.5016857301436014   -1.000000000000000   0.0000000000000000
in_inst:0_usecol:1_direct_idx0:51.95                      0.4982553519906929    1.000000000000000   0.0000000000000000
out_inst:0_usecol:2_direct_idx0:51.95                      0.5016925855815489   -1.000000000000000   0.0000000000000000
in_inst:0_usecol:1_direct_idx0:52.15                      0.4991135348811791    1.000000000000000   0.0000000000000000
out_inst:0_usecol:2_direct_idx0:52.15                      0.5016942299506449   -1.000000000000000   0.0000000000000000
in_inst:0_usecol:1_direct_idx0:52.35                      0.5001612121440109    1.000000000000000   0.0000000000000000
out_inst:0_usecol:2_direct_idx0:52.35                      0.5016946657949869   -1.000000000000000   0.0000000000000000
in_inst:0_usecol:1_direct_idx0:52.55                      0.5015727786871343    1.000000000000000   0.0000000000000000
out_inst:0_usecol:2_direct_idx0:52.55                      0.5016942443877553   -1.000000000000000   0.0000000000000000
in_inst:0_usecol:1_direct_idx0:52.75                      0.5036533135286315    1.000000000000000   0.0000000000000000
out_inst:0_usecol:2_direct_idx0:52.75                      0.5016927588263039   -1.000000000000000   0.0000000000000000
in_inst:0_usecol:1_direct_idx0:52.95                      0.5071309073543470    1.000000000000000   0.0000000000000000
out_inst:0_usecol:2_direct_idx0:52.95                      0.5016877946192413   -1.000000000000000   0.0000000000000000
in_inst:0_usecol:1_direct_idx0:53.15                      0.5153592681800384    1.000000000000000   0.0000000000000000
out_inst:0_usecol:2_direct_idx0:53.15                      0.5016518043001363   -1.000000000000000   0.0000000000000000
in_inst:0_usecol:1_direct_idx0:53.35                      0.5590735934341372    1.000000000000000   0.0000000000000000
out_inst:0_usecol:2_direct_idx0:53.35                      0.5012589552840537   -1.000000000000000   0.0000000000000000
in_inst:0_usecol:1_direct_idx0:53.55                      1.205621143321761    1.000000000000000   0.0000000000000000
out_inst:0_usecol:2_direct_idx0:53.55                      0.4966529766754958   -1.000000000000000   0.0000000000000000
in_inst:0_usecol:1_direct_idx0:53.75                      0.5593089395635293    1.000000000000000   0.0000000000000000
out_inst:0_usecol:2_direct_idx0:53.75                      0.5012590590002463   -1.000000000000000   0.0000000000000000
in_inst:0_usecol:1_direct_idx0:53.95                      0.5156900457707307    1.000000000000000   0.0000000000000000
out_inst:0_usecol:2_direct_idx0:53.95                      0.5016520208748759   -1.000000000000000   0.0000000000000000
in_inst:0_usecol:1_direct_idx0:54.15                      0.5075418974021061    1.000000000000000   0.0000000000000000
out_inst:0_usecol:2_direct_idx0:54.15                      0.5016881477168820   -1.000000000000000   0.0000000000000000
in_inst:0_usecol:1_direct_idx0:54.35                      0.5041538721362387    1.000000000000000   0.0000000000000000
out_inst:0_usecol:2_direct_idx0:54.35                      0.5016932869684320   -1.000000000000000   0.0000000000000000
in_inst:0_usecol:1_direct_idx0:54.55                      0.5021882149039403    1.000000000000000   0.0000000000000000
out_inst:0_usecol:2_direct_idx0:54.55                      0.5016949943814344   -1.000000000000000   0.0000000000000000
in_inst:0_usecol:1_direct_idx0:54.75                      0.5009297670099762    1.000000000000000   0.0000000000000000
out_inst:0_usecol:2_direct_idx0:54.75                      0.5016957194295989   -1.000000000000000   0.0000000000000000
in_inst:0_usecol:1_direct_idx0:54.95                      0.5000870349465890    1.000000000000000   0.0000000000000000
out_inst:0_usecol:2_direct_idx0:54.95                      0.5016957179827570   -1.000000000000000   0.0000000000000000
in_inst:0_usecol:1_direct_idx0:55.15                      0.4995038738185349    1.000000000000000   0.0000000000000000
out_inst:0_usecol:2_direct_idx0:55.15                      0.5016949956722984   -1.000000000000000   0.0000000000000000
in_inst:0_usecol:1_direct_idx0:55.35                      0.4990855805433906    1.000000000000000   0.0000000000000000
out_inst:0_usecol:2_direct_idx0:55.35                      0.5016933039036782   -1.000000000000000   0.0000000000000000
in_inst:0_usecol:1_direct_idx0:55.55                      0.4987474851678301    1.000000000000000   0.0000000000000000
out_inst:0_usecol:2_direct_idx0:55.55                      0.5016883898265985   -1.000000000000000   0.0000000000000000
in_inst:0_usecol:1_direct_idx0:55.75                      0.4981387282741161    1.000000000000000   0.0000000000000000
out_inst:0_usecol:2_direct_idx0:55.75                      0.5016549090551283   -1.000000000000000   0.0000000000000000
in_inst:0_usecol:1_direct_idx0:55.95                      0.4935396530420004    1.000000000000000   0.0000000000000000
out_inst:0_usecol:2_direct_idx0:55.95                      0.5012934491915868   -1.000000000000000   0.0000000000000000
in_inst:0_usecol:1_direct_idx0:56.15                      0.4438123570445910    1.000000000000000   0.0000000000000000
out_inst:0_usecol:2_direct_idx0:56.15                      0.4970591594124991   -1.000000000000000   0.0000000000000000
in_inst:0_usecol:1_direct_idx0:56.35                      0.4932593620194087    1.000000000000000   0.0000000000000000
out_inst:0_usecol:2_direct_idx0:56.35                      0.5012933437853522   -1.000000000000000   0.0000000000000000
in_inst:0_usecol:1_direct_idx0:56.55                      0.4975424864638630    1.000000000000000   0.0000000000000000
out_inst:0_usecol:2_direct_idx0:56.55                      0.5016546923615914   -1.000000000000000   0.0000000000000000
in_inst:0_usecol:1_direct_idx0:56.75                      0.4977737698200821    1.000000000000000   0.0000000000000000
out_inst:0_usecol:2_direct_idx0:56.75                      0.5016880370037613   -1.000000000000000   0.0000000000000000
in_inst:0_usecol:1_direct_idx0:56.95                      0.4976310348832514    1.000000000000000   0.0000000000000000
out_inst:0_usecol:2_direct_idx0:56.95                      0.5016927791788427   -1.000000000000000   0.0000000000000000
in_inst:0_usecol:1_direct_idx0:57.15                      0.4974112416080846    1.000000000000000   0.0000000000000000
out_inst:0_usecol:2_direct_idx0:57.15                      0.5016942462314508   -1.000000000000000   0.0000000000000000
in_inst:0_usecol:1_direct_idx0:57.35                      0.4971236874981645    1.000000000000000   0.0000000000000000
out_inst:0_usecol:2_direct_idx0:57.35                      0.5016946675667950   -1.000000000000000   0.0000000000000000
in_inst:0_usecol:1_direct_idx0:57.55                      0.4967511646579579    1.000000000000000   0.0000000000000000
out_inst:0_usecol:2_direct_idx0:57.55                      0.5016942493686416   -1.000000000000000   0.0000000000000000
in_inst:0_usecol:1_direct_idx0:57.75                      0.4962691751033522    1.000000000000000   0.0000000000000000
out_inst:0_usecol:2_direct_idx0:57.75                      0.5016928168250007   -1.000000000000000   0.0000000000000000
in_inst:0_usecol:1_direct_idx0:57.95                      0.4956036235736206    1.000000000000000   0.0000000000000000
out_inst:0_usecol:2_direct_idx0:57.95                      0.5016884856164492   -1.000000000000000   0.0000000000000000
in_inst:0_usecol:1_direct_idx0:58.15                      0.4940769777976657    1.000000000000000   0.0000000000000000
out_inst:0_usecol:2_direct_idx0:58.15                      0.5016600377398548   -1.000000000000000   0.0000000000000000
in_inst:0_usecol:1_direct_idx0:58.35                      0.4838559587484400    1.000000000000000   0.0000000000000000
out_inst:0_usecol:2_direct_idx0:58.35                      0.5013569975592178   -1.000000000000000   0.0000000000000000
in_inst:0_usecol:1_direct_idx0:58.55                      0.3843084165919071    1.000000000000000   0.0000000000000000
out_inst:0_usecol:2_direct_idx0:58.55                      0.4978117576722904   -1.000000000000000   0.0000000000000000
in_inst:0_usecol:1_direct_idx0:58.75                      0.4837808742900921    1.000000000000000   0.0000000000000000
out_inst:0_usecol:2_direct_idx0:58.75                      0.5013571012936635   -1.000000000000000   0.0000000000000000
in_inst:0_usecol:1_direct_idx0:58.95                      0.4938900793302388    1.000000000000000   0.0000000000000000
out_inst:0_usecol:2_direct_idx0:58.95                      0.5016602542941710   -1.000000000000000   0.0000000000000000
in_inst:0_usecol:1_direct_idx0:59.15                      0.4952635589957919    1.000000000000000   0.0000000000000000
out_inst:0_usecol:2_direct_idx0:59.15                      0.5016888384289698   -1.000000000000000   0.0000000000000000
in_inst:0_usecol:1_direct_idx0:59.35                      0.4957235348402926    1.000000000000000   0.0000000000000000
out_inst:0_usecol:2_direct_idx0:59.35                      0.5016933415629660   -1.000000000000000   0.0000000000000000
in_inst:0_usecol:1_direct_idx0:59.55                      0.4959333442940533    1.000000000000000   0.0000000000000000
out_inst:0_usecol:2_direct_idx0:59.55                      0.5016949989775009   -1.000000000000000   0.0000000000000000
in_inst:0_usecol:1_direct_idx0:59.75                      0.4959495252093177    1.000000000000000   0.0000000000000000
out_inst:0_usecol:2_direct_idx0:59.75                      0.5016957199878015   -1.000000000000000   0.0000000000000000
in_inst:0_usecol:1_direct_idx0:59.95                      0.4957768429925940    1.000000000000000   0.0000000000000000
out_inst:0_usecol:2_direct_idx0:59.95                      0.5016957200892190   -1.000000000000000   0.0000000000000000
in_inst:0_usecol:1_direct_idx0:60.15                      0.4954145649005697    1.000000000000000   0.0000000000000000
out_inst:0_usecol:2_direct_idx0:60.15                      0.5016950002960150   -1.000000000000000   0.0000000000000000
in_inst:0_usecol:1_direct_idx0:60.35                      0.4948586370207039    1.000000000000000   0.0000000000000000
out_inst:0_usecol:2_direct_idx0:60.35                      0.5016933572845396   -1.000000000000000   0.0000000000000000
in_inst:0_usecol:1_direct_idx0:60.55                      0.4940446051062188    1.000000000000000   0.0000000000000000
out_inst:0_usecol:2_direct_idx0:60.55                      0.5016890257712986   -1.000000000000000   0.0000000000000000
in_inst:0_usecol:1_direct_idx0:60.75                      0.4920859756247816    1.000000000000000   0.0000000000000000
out_inst:0_usecol:2_direct_idx0:60.75                      0.5016624865632314   -1.000000000000000   0.0000000000000000
in_inst:0_usecol:1_direct_idx0:60.95                      0.4782817961233601    1.000000000000000   0.0000000000000000
out_inst:0_usecol:2_direct_idx0:60.95                      0.5013836857685811   -1.000000000000000   0.0000000000000000
in_inst:0_usecol:1_direct_idx0:61.15                      0.3478963072080799    1.000000000000000   0.0000000000000000
out_inst:0_usecol:2_direct_idx0:61.15                      0.4981263913242595   -1.000000000000000   0.0000000000000000
in_inst:0_usecol:1_direct_idx0:61.35                      0.4782235643625019    1.000000000000000   0.0000000000000000
out_inst:0_usecol:2_direct_idx0:61.35                      0.5013835818975317   -1.000000000000000   0.0000000000000000
in_inst:0_usecol:1_direct_idx0:61.55                      0.4919237762284532    1.000000000000000   0.0000000000000000
out_inst:0_usecol:2_direct_idx0:61.55                      0.5016622684467856   -1.000000000000000   0.0000000000000000
in_inst:0_usecol:1_direct_idx0:61.75                      0.4937261181279319    1.000000000000000   0.0000000000000000
out_inst:0_usecol:2_direct_idx0:61.75                      0.5016886744866964   -1.000000000000000   0.0000000000000000
in_inst:0_usecol:1_direct_idx0:61.95                      0.4943223557724392    1.000000000000000   0.0000000000000000
out_inst:0_usecol:2_direct_idx0:61.95                      0.5016928323646429   -1.000000000000000   0.0000000000000000
in_inst:0_usecol:1_direct_idx0:62.15                      0.4945908658664861    1.000000000000000   0.0000000000000000
out_inst:0_usecol:2_direct_idx0:62.15                      0.5016942470199850   -1.000000000000000   0.0000000000000000
in_inst:0_usecol:1_direct_idx0:62.35                      0.4945908716483652    1.000000000000000   0.0000000000000000
out_inst:0_usecol:2_direct_idx0:62.35                      0.5016946640813239   -1.000000000000000   0.0000000000000000
in_inst:0_usecol:1_direct_idx0:62.55                      0.4943282641856909    1.000000000000000   0.0000000000000000
out_inst:0_usecol:2_direct_idx0:62.55                      0.5016942470382320   -1.000000000000000   0.0000000000000000
in_inst:0_usecol:1_direct_idx0:62.75                      0.4938139441106184    1.000000000000000   0.0000000000000000
out_inst:0_usecol:2_direct_idx0:62.75                      0.5016928326452292   -1.000000000000000   0.0000000000000000
in_inst:0_usecol:1_direct_idx0:62.95                      0.4929959276299849    1.000000000000000   0.0000000000000000
out_inst:0_usecol:2_direct_idx0:62.95                      0.5016886980690456   -1.000000000000000   0.0000000000000000
in_inst:0_usecol:1_direct_idx0:63.15                      0.4908292211549291    1.000000000000000   0.0000000000000000
out_inst:0_usecol:2_direct_idx0:63.15                      0.5016625513442784   -1.000000000000000   0.0000000000000000
in_inst:0_usecol:1_direct_idx0:63.35                      0.4743853594811329    1.000000000000000   0.0000000000000000
out_inst:0_usecol:2_direct_idx0:63.35                      0.5013869515221533   -1.000000000000000   0.0000000000000000
in_inst:0_usecol:1_direct_idx0:63.55                      0.3221855264642811    1.000000000000000   0.0000000000000000
out_inst:0_usecol:2_direct_idx0:63.55                      0.4981662851088224   -1.000000000000000   0.0000000000000000
in_inst:0_usecol:1_direct_idx0:63.75                      0.4743755366096929    1.000000000000000   0.0000000000000000
out_inst:0_usecol:2_direct_idx0:63.75                      0.5013870556505773   -1.000000000000000   0.0000000000000000
in_inst:0_usecol:1_direct_idx0:63.95                      0.4907991059396836    1.000000000000000   0.0000000000000000
out_inst:0_usecol:2_direct_idx0:63.95                      0.5016627729501704   -1.000000000000000   0.0000000000000000
in_inst:0_usecol:1_direct_idx0:64.15                      0.4929326208550605    1.000000000000000   0.0000000000000000
out_inst:0_usecol:2_direct_idx0:64.15                      0.5016890516107174   -1.000000000000000   0.0000000000000000
in_inst:0_usecol:1_direct_idx0:64.35                      0.4937022098506139    1.000000000000000   0.0000000000000000
out_inst:0_usecol:2_direct_idx0:64.35                      0.5016933624450327   -1.000000000000000   0.0000000000000000
in_inst:0_usecol:1_direct_idx0:64.55                      0.4941514917624573    1.000000000000000   0.0000000000000000
out_inst:0_usecol:2_direct_idx0:64.55                      0.5016949983310435   -1.000000000000000   0.0000000000000000
in_inst:0_usecol:1_direct_idx0:64.75                      0.4943326290268098    1.000000000000000   0.0000000000000000
out_inst:0_usecol:2_direct_idx0:64.75                      0.5016957143664893   -1.000000000000000   0.0000000000000000
in_inst:0_usecol:1_direct_idx0:64.95                      0.4942382254223461    1.000000000000000   0.0000000000000000
out_inst:0_usecol:2_direct_idx0:64.95                      0.5016957175571796   -1.000000000000000   0.0000000000000000
in_inst:0_usecol:1_direct_idx0:65.15                      0.4938760231709918    1.000000000000000   0.0000000000000000
out_inst:0_usecol:2_direct_idx0:65.15                      0.5016950011087677   -1.000000000000000   0.0000000000000000
in_inst:0_usecol:1_direct_idx0:65.35                      0.4932700341108903    1.000000000000000   0.0000000000000000
out_inst:0_usecol:2_direct_idx0:65.35                      0.5016933570000465   -1.000000000000000   0.0000000000000000
in_inst:0_usecol:1_direct_idx0:65.55                      0.4923774906671865    1.000000000000000   0.0000000000000000
out_inst:0_usecol:2_direct_idx0:65.55                      0.5016890117556437   -1.000000000000000   0.0000000000000000
in_inst:0_usecol:1_direct_idx0:65.75                      0.4900290520884792    1.000000000000000   0.0000000000000000
out_inst:0_usecol:2_direct_idx0:65.75                      0.5016622725513790   -1.000000000000000   0.0000000000000000
in_inst:0_usecol:1_direct_idx0:65.95                      0.4716122090644163    1.000000000000000   0.0000000000000000
out_inst:0_usecol:2_direct_idx0:65.95                      0.5013811323311619   -1.000000000000000   0.0000000000000000
in_inst:0_usecol:1_direct_idx0:66.15                      0.3041345927267078    1.000000000000000   0.0000000000000000
out_inst:0_usecol:2_direct_idx0:66.15                      0.4980962286959664   -1.000000000000000   0.0000000000000000
in_inst:0_usecol:1_direct_idx0:66.35                      0.4715828787080108    1.000000000000000   0.0000000000000000
out_inst:0_usecol:2_direct_idx0:66.35                      0.5013810309938402   -1.000000000000000   0.0000000000000000
in_inst:0_usecol:1_direct_idx0:66.55                      0.4899316392001928    1.000000000000000   0.0000000000000000
out_inst:0_usecol:2_direct_idx0:66.55                      0.5016620478034478   -1.000000000000000   0.0000000000000000
in_inst:0_usecol:1_direct_idx0:66.75                      0.4921610886449599    1.000000000000000   0.0000000000000000
out_inst:0_usecol:2_direct_idx0:66.75                      0.5016886472599115   -1.000000000000000   0.0000000000000000
in_inst:0_usecol:1_direct_idx0:66.95                      0.4928743188758873    1.000000000000000   0.0000000000000000
out_inst:0_usecol:2_direct_idx0:66.95                      0.5016928197606080   -1.000000000000000   0.0000000000000000
in_inst:0_usecol:1_direct_idx0:67.15                      0.4932382547471018    1.000000000000000   0.0000000000000000
out_inst:0_usecol:2_direct_idx0:67.15                      0.5016942309898360   -1.000000000000000   0.0000000000000000
in_inst:0_usecol:1_direct_idx0:67.35                      0.4933033157919564    1.000000000000000   0.0000000000000000
out_inst:0_usecol:2_direct_idx0:67.35                      0.5016946397530228   -1.000000000000000   0.0000000000000000
in_inst:0_usecol:1_direct_idx0:67.55                      0.4930678300959371    1.000000000000000   0.0000000000000000
out_inst:0_usecol:2_direct_idx0:67.55                      0.5016942116358164   -1.000000000000000   0.0000000000000000
in_inst:0_usecol:1_direct_idx0:67.75                      0.4925593709401159    1.000000000000000   0.0000000000000000
out_inst:0_usecol:2_direct_idx0:67.75                      0.5016927817269873   -1.000000000000000   0.0000000000000000
in_inst:0_usecol:1_direct_idx0:67.95                      0.4917453813759847    1.000000000000000   0.0000000000000000
out_inst:0_usecol:2_direct_idx0:67.95                      0.5016885336559076   -1.000000000000000   0.0000000000000000
in_inst:0_usecol:1_direct_idx0:68.15                      0.4893800731742932    1.000000000000000   0.0000000000000000
out_inst:0_usecol:2_direct_idx0:68.15                      0.5016612677954646   -1.000000000000000   0.0000000000000000
in_inst:0_usecol:1_direct_idx0:68.35                      0.4697340844850775    1.000000000000000   0.0000000000000000
out_inst:0_usecol:2_direct_idx0:68.35                      0.5013725883549357   -1.000000000000000   0.0000000000000000
in_inst:0_usecol:1_direct_idx0:68.55                      0.2926394330415099    1.000000000000000   0.0000000000000000
out_inst:0_usecol:2_direct_idx0:68.55                      0.4979974866025130   -1.000000000000000   0.0000000000000000
in_inst:0_usecol:1_direct_idx0:68.75                      0.4697319985899294    1.000000000000000   0.0000000000000000
out_inst:0_usecol:2_direct_idx0:68.75                      0.5013725864009981   -1.000000000000000   0.0000000000000000
in_inst:0_usecol:1_direct_idx0:68.95                      0.4893725706059468    1.000000000000000   0.0000000000000000
out_inst:0_usecol:2_direct_idx0:68.95                      0.5016612732742460   -1.000000000000000   0.0000000000000000
in_inst:0_usecol:1_direct_idx0:69.15                      0.4917276919633763    1.000000000000000   0.0000000000000000
out_inst:0_usecol:2_direct_idx0:69.15                      0.5016885375345419   -1.000000000000000   0.0000000000000000
in_inst:0_usecol:1_direct_idx0:69.35                      0.4925256804423374    1.000000000000000   0.0000000000000000
out_inst:0_usecol:2_direct_idx0:69.35                      0.5016927844009271   -1.000000000000000   0.0000000000000000
in_inst:0_usecol:1_direct_idx0:69.55                      0.4930121635221798    1.000000000000000   0.0000000000000000
out_inst:0_usecol:2_direct_idx0:69.55                      0.5016942230503276   -1.000000000000000   0.0000000000000000
in_inst:0_usecol:1_direct_idx0:69.75                      0.4932208466130780    1.000000000000000   0.0000000000000000
out_inst:0_usecol:2_direct_idx0:69.75                      0.5016946526031226   -1.000000000000000   0.0000000000000000
in_inst:0_usecol:1_direct_idx0:69.95                      0.4931277255149980    1.000000000000000   0.0000000000000000
out_inst:0_usecol:2_direct_idx0:69.95                      0.5016942600613601   -1.000000000000000   0.0000000000000000
in_inst:0_usecol:1_direct_idx0:70.15                      0.4927477372954809    1.000000000000000   0.0000000000000000
out_inst:0_usecol:2_direct_idx0:70.15                      0.5016929982737537   -1.000000000000000   0.0000000000000000
in_inst:0_usecol:1_direct_idx0:70.35                      0.4921348492324055    1.000000000000000   0.0000000000000000
out_inst:0_usecol:2_direct_idx0:70.35                      0.5016905634329517   -1.000000000000000   0.0000000000000000
in_inst:0_usecol:1_direct_idx0:70.55                      0.4912849173709915    1.000000000000000   0.0000000000000000
out_inst:0_usecol:2_direct_idx0:70.55                      0.5016845845845805   -1.000000000000000   0.0000000000000000
in_inst:0_usecol:1_direct_idx0:70.75                      0.4890029798117064    1.000000000000000   0.0000000000000000
out_inst:0_usecol:2_direct_idx0:70.75                      0.5016490224917923   -1.000000000000000   0.0000000000000000
in_inst:0_usecol:1_direct_idx0:70.95                      0.4699640459276246    1.000000000000000   0.0000000000000000
out_inst:0_usecol:2_direct_idx0:70.95                      0.5012774069822592   -1.000000000000000   0.0000000000000000
in_inst:0_usecol:1_direct_idx0:71.15                      0.2965301811283022    1.000000000000000   0.0000000000000000
out_inst:0_usecol:2_direct_idx0:71.15                      0.4969430433833725   -1.000000000000000   0.0000000000000000
in_inst:0_usecol:1_direct_idx0:71.35                      0.4699845067061743    1.000000000000000   0.0000000000000000
out_inst:0_usecol:2_direct_idx0:71.35                      0.4979540114109702   -1.000000000000000   0.0000000000000000
tot_inst:0_usecol:1_direct                      8.415138377849534    1.000000000000000   0.0000000000000000
p_inst:0_usecol:1_direct_idx0:boreholedepth                      71.25000000000000    1.000000000000000   0.0000000000000000
p_inst:0_usecol:1_direct_idx0:spatialdiscretizationofgrid                      2.500000000000000    1.000000000000000   0.0000000000000000
p_inst:0_usecol:1_direct_idx0:constantboreholecross-sectionalarea                      0.03141592700000000    1.000000000000000   0.0000000000000000
p_inst:0_usecol:1_direct_idx0:dispersivity                      1.715158153208864    1.000000000000000   0.0000000000000000
p_inst:0_usecol:1_direct_idx0:diffusioncoefficient                      1.000000000000000e-09    1.000000000000000   0.0000000000000000
p_inst:0_usecol:1_direct_idx0:tracerconcentrationofwaterinflow                      0.0000000000000000    1.000000000000000   0.0000000000000000
p_inst:0_usecol:1_direct_idx0:watertemperature                      28.50000000000000    1.000000000000000   0.0000000000000000
p_inst:0_usecol:1_direct_idx0:alphamin                      0.2000000000000000    1.000000000000000   0.0000000000000000
p_inst:0_usecol:1_direct_idx0:alphamax                      1.500000000000000    1.000000000000000   0.0000000000000000
p_inst:0_usecol:1_direct_idx0:flowmin                      0.0000000000000000    1.000000000000000   0.0000000000000000
p_inst:0_usecol:1_direct_idx0:flowmax                      2.000000000000000    1.000000000000000   0.0000000000000000
