single point
in_inst:0_usecol:1_direct_idx0:18.75                      0.3227659954742149    1.000000000000000   0.0000000000000000
out_inst:0_usecol:2_direct_idx0:18.75                      0.4990084873852413   -1.000000000000000   0.0000000000000000
in_inst:0_usecol:1_direct_idx0:18.95                      0.3830134735664870    1.000000000000000   0.0000000000000000
out_inst:0_usecol:2_direct_idx0:18.95                      0.4802224724739309   -1.000000000000000   0.0000000000000000
in_inst:0_usecol:1_direct_idx0:19.15                      0.4303458190109316    1.000000000000000   0.0000000000000000
out_inst:0_usecol:2_direct_idx0:19.15                      0.4671612701000342   -1.000000000000000   0.0000000000000000
in_inst:0_usecol:1_direct_idx0:19.35                      0.4672472558002959    1.000000000000000   0.0000000000000000
out_inst:0_usecol:2_direct_idx0:19.35                      0.4581797376555865   -1.000000000000000   0.0000000000000000
in_inst:0_usecol:1_direct_idx0:19.55                      0.4958507635085082    1.000000000000000   0.0000000000000000
out_inst:0_usecol:2_direct_idx0:19.55                      0.4521987714350812   -1.000000000000000   0.0000000000000000
in_inst:0_usecol:1_direct_idx0:19.75                      0.5179323864592351    1.000000000000000   0.0000000000000000
out_inst:0_usecol:2_direct_idx0:19.75                      0.4485245710599549   -1.000000000000000   0.0000000000000000
in_inst:0_usecol:1_direct_idx0:19.95                      0.5349749971591027    1.000000000000000   0.0000000000000000
out_inst:0_usecol:2_direct_idx0:19.95                      0.4467416529619150   -1.000000000000000   0.0000000000000000
in_inst:0_usecol:1_direct_idx0:20.15                      0.5482203172372885    1.000000000000000   0.0000000000000000
out_inst:0_usecol:2_direct_idx0:20.15                      0.4466524674711791   -1.000000000000000   0.0000000000000000
in_inst:0_usecol:1_direct_idx0:20.35                      0.5587211097107105    1.000000000000000   0.0000000000000000
out_inst:0_usecol:2_direct_idx0:20.35                      0.4482507952759568   -1.000000000000000   0.0000000000000000
in_inst:0_usecol:1_direct_idx0:20.55                      0.5674138134649809    1.000000000000000   0.0000000000000000
out_inst:0_usecol:2_direct_idx0:20.55                      0.4517249940740335   -1.000000000000000   0.0000000000000000
in_inst:0_usecol:1_direct_idx0:20.75                      0.5752403538695294    1.000000000000000   0.0000000000000000
out_inst:0_usecol:2_direct_idx0:20.75                      0.4575003062941871   -1.000000000000000   0.0000000000000000
in_inst:0_usecol:1_direct_idx0:20.95                      0.5833297432749888    1.000000000000000   0.0000000000000000
out_inst:0_usecol:2_direct_idx0:20.95                      0.4663991725309580   -1.000000000000000   0.0000000000000000
in_inst:0_usecol:1_direct_idx0:21.15                      0.5925344008949937    1.000000000000000   0.0000000000000000
out_inst:0_usecol:2_direct_idx0:21.15                      0.4807222039980332   -1.000000000000000   0.0000000000000000
in_inst:0_usecol:1_direct_idx0:21.35                      0.5939054841903979    1.000000000000000   0.0000000000000000
out_inst:0_usecol:2_direct_idx0:21.35                      0.4639579724265168   -1.000000000000000   0.0000000000000000
in_inst:0_usecol:1_direct_idx0:21.55                      0.5973018177675600    1.000000000000000   0.0000000000000000
out_inst:0_usecol:2_direct_idx0:21.55                      0.4524850642452206   -1.000000000000000   0.0000000000000000
in_inst:0_usecol:1_direct_idx0:21.75                      0.6030232333715070    1.000000000000000   0.0000000000000000
out_inst:0_usecol:2_direct_idx0:21.75                      0.4437093086368372   -1.000000000000000   0.0000000000000000
in_inst:0_usecol:1_direct_idx0:21.95                      0.6112662611618144    1.000000000000000   0.0000000000000000
out_inst:0_usecol:2_direct_idx0:21.95                      0.4364920070390543   -1.000000000000000   0.0000000000000000
in_inst:0_usecol:1_direct_idx0:22.15                      0.6227625581388754    1.000000000000000   0.0000000000000000
out_inst:0_usecol:2_direct_idx0:22.15                      0.4300254817611183   -1.000000000000000   0.0000000000000000
in_inst:0_usecol:1_direct_idx0:22.35                      0.6388308165985777    1.000000000000000   0.0000000000000000
out_inst:0_usecol:2_direct_idx0:22.35                      0.4236284847849194   -1.000000000000000   0.0000000000000000
in_inst:0_usecol:1_direct_idx0:22.55                      0.6616437908082665    1.000000000000000   0.0000000000000000
out_inst:0_usecol:2_direct_idx0:22.55                      0.4166464275156395   -1.000000000000000   0.0000000000000000
in_inst:0_usecol:1_direct_idx0:22.75                      0.6949312883605138    1.000000000000000   0.0000000000000000
out_inst:0_usecol:2_direct_idx0:22.75                      0.4083633629536658   -1.000000000000000   0.0000000000000000
in_inst:0_usecol:1_direct_idx0:22.95                      0.7457242773834291    1.000000000000000   0.0000000000000000
out_inst:0_usecol:2_direct_idx0:22.95                      0.3978894188040925   -1.000000000000000   0.0000000000000000
in_inst:0_usecol:1_direct_idx0:23.15                      0.8290576705863987    1.000000000000000   0.0000000000000000
out_inst:0_usecol:2_direct_idx0:23.15                      0.3839736744851139   -1.000000000000000   0.0000000000000000
in_inst:0_usecol:1_direct_idx0:23.35                      0.9821013900661540    1.000000000000000   0.0000000000000000
out_inst:0_usecol:2_direct_idx0:23.35                      0.3646817967926620   -1.000000000000000   0.0000000000000000
in_inst:0_usecol:1_direct_idx0:23.55                      1.308560503698357    1.000000000000000   0.0000000000000000
out_inst:0_usecol:2_direct_idx0:23.55                      0.3372508581609164   -1.000000000000000   0.0000000000000000
in_inst:0_usecol:1_direct_idx0:23.75                      0.9867486417250687    1.000000000000000   0.0000000000000000
out_inst:0_usecol:2_direct_idx0:23.75                      0.3633941411032491   -1.000000000000000   0.0000000000000000
in_inst:0_usecol:1_direct_idx0:23.95                      0.8371555082541756    1.000000000000000   0.0000000000000000
out_inst:0_usecol:2_direct_idx0:23.95                      0.3811326658183900   -1.000000000000000   0.0000000000000000
in_inst:0_usecol:1_direct_idx0:24.15                      0.7573359477200748    1.000000000000000   0.0000000000000000
out_inst:0_usecol:2_direct_idx0:24.15                      0.3931207660764878   -1.000000000000000   0.0000000000000000
in_inst:0_usecol:1_direct_idx0:24.35                      0.7107217332435444    1.000000000000000   0.0000000000000000
out_inst:0_usecol:2_direct_idx0:24.35                      0.4011210403402150   -1.000000000000000   0.0000000000000000
in_inst:0_usecol:1_direct_idx0:24.55                      0.6827872889862567    1.000000000000000   0.0000000000000000
out_inst:0_usecol:2_direct_idx0:24.55                      0.4061462687390883   -1.000000000000000   0.0000000000000000
in_inst:0_usecol:1_direct_idx0:24.75                      0.6671049360379249    1.000000000000000   0.0000000000000000
out_inst:0_usecol:2_direct_idx0:24.75                      0.4087630275967897   -1.000000000000000   0.0000000000000000
in_inst:0_usecol:1_direct_idx0:24.95                      0.6607793714484770    1.000000000000000   0.0000000000000000
out_inst:0_usecol:2_direct_idx0:24.95                      0.4092458057031197   -1.000000000000000   0.0000000000000000
in_inst:0_usecol:1_direct_idx0:25.15                      0.6629116873831925    1.000000000000000   0.0000000000000000
out_inst:0_usecol:2_direct_idx0:25.15                      0.4076376188839431   -1.000000000000000   0.0000000000000000
in_inst:0_usecol:1_direct_idx0:25.35                      0.6743287538108150    1.000000000000000   0.0000000000000000
out_inst:0_usecol:2_direct_idx0:25.35                      0.4037532405307546   -1.000000000000000   0.0000000000000000
in_inst:0_usecol:1_direct_idx0:25.55                      0.6983642024465362    1.000000000000000   0.0000000000000000
out_inst:0_usecol:2_direct_idx0:25.55                      0.3971255370736268   -1.000000000000000   0.0000000000000000
in_inst:0_usecol:1_direct_idx0:25.75                      0.7436952883155916    1.000000000000000   0.0000000000000000
out_inst:0_usecol:2_direct_idx0:25.75                      0.3868597286653179   -1.000000000000000   0.0000000000000000
in_inst:0_usecol:1_direct_idx0:25.95                      0.8330950464067411    1.000000000000000   0.0000000000000000
out_inst:0_usecol:2_direct_idx0:25.95                      0.3713391866374182   -1.000000000000000   0.0000000000000000
in_inst:0_usecol:1_direct_idx0:26.15                      1.030129201436305    1.000000000000000   0.0000000000000000
out_inst:0_usecol:2_direct_idx0:26.15                      0.3480940972931548   -1.000000000000000   0.0000000000000000
in_inst:0_usecol:1_direct_idx0:26.35                      0.8302610868377827    1.000000000000000   0.0000000000000000
out_inst:0_usecol:2_direct_idx0:26.35                      0.3714645914523322   -1.000000000000000   0.0000000000000000
in_inst:0_usecol:1_direct_idx0:26.55                      0.7384272590076515    1.000000000000000   0.0000000000000000
out_inst:0_usecol:2_direct_idx0:26.55                      0.3871339605660809   -1.000000000000000   0.0000000000000000
in_inst:0_usecol:1_direct_idx0:26.75                      0.6904113407664692    1.000000000000000   0.0000000000000000
out_inst:0_usecol:2_direct_idx0:26.75                      0.3975822323067479   -1.000000000000000   0.0000000000000000
in_inst:0_usecol:1_direct_idx0:26.95                      0.6630591298004886    1.000000000000000   0.0000000000000000
out_inst:0_usecol:2_direct_idx0:26.95                      0.4044411367844326   -1.000000000000000   0.0000000000000000
in_inst:0_usecol:1_direct_idx0:27.15                      0.6473136961311875    1.000000000000000   0.0000000000000000
out_inst:0_usecol:2_direct_idx0:27.15                      0.4086247170957990   -1.000000000000000   0.0000000000000000
in_inst:0_usecol:1_direct_idx0:27.35                      0.6393709611839451    1.000000000000000   0.0000000000000000
out_inst:0_usecol:2_direct_idx0:27.35                      0.4106226359645210   -1.000000000000000   0.0000000000000000
in_inst:0_usecol:1_direct_idx0:27.55                      0.6377892360880955    1.000000000000000   0.0000000000000000
out_inst:0_usecol:2_direct_idx0:27.55                      0.4106424425343858   -1.000000000000000   0.0000000000000000
in_inst:0_usecol:1_direct_idx0:27.75                      0.6426829934713385    1.000000000000000   0.0000000000000000
out_inst:0_usecol:2_direct_idx0:27.75                      0.4086519449115234   -1.000000000000000   0.0000000000000000
in_inst:0_usecol:1_direct_idx0:27.95                      0.6560639626090594    1.000000000000000   0.0000000000000000
out_inst:0_usecol:2_direct_idx0:27.95                      0.4043444476564756   -1.000000000000000   0.0000000000000000
in_inst:0_usecol:1_direct_idx0:28.15                      0.6837860418265769    1.000000000000000   0.0000000000000000
out_inst:0_usecol:2_direct_idx0:28.15                      0.3969993628279694   -1.000000000000000   0.0000000000000000
in_inst:0_usecol:1_direct_idx0:28.35                      0.7416217394924561    1.000000000000000   0.0000000000000000
out_inst:0_usecol:2_direct_idx0:28.35                      0.3851754940262574   -1.000000000000000   0.0000000000000000
in_inst:0_usecol:1_direct_idx0:28.55                      0.8731463830956406    1.000000000000000   0.0000000000000000
out_inst:0_usecol:2_direct_idx0:28.55                      0.3665320217664671   -1.000000000000000   0.0000000000000000
in_inst:0_usecol:1_direct_idx0:28.75                      0.7379566463610737    1.000000000000000   0.0000000000000000
out_inst:0_usecol:2_direct_idx0:28.75                      0.3858576179728869   -1.000000000000000   0.0000000000000000
in_inst:0_usecol:1_direct_idx0:28.95                      0.6767581565465239    1.000000000000000   0.0000000000000000
out_inst:0_usecol:2_direct_idx0:28.95                      0.3984771851723145   -1.000000000000000   0.0000000000000000
in_inst:0_usecol:1_direct_idx0:29.15                      0.6452411945711243    1.000000000000000   0.0000000000000000
out_inst:0_usecol:2_direct_idx0:29.15                      0.4067916583068535   -1.000000000000000   0.0000000000000000
in_inst:0_usecol:1_direct_idx0:29.35                      0.6271446477506157    1.000000000000000   0.0000000000000000
out_inst:0_usecol:2_direct_idx0:29.35                      0.4123294764445059   -1.000000000000000   0.0000000000000000
in_inst:0_usecol:1_direct_idx0:29.55                      0.6160776211991360    1.000000000000000   0.0000000000000000
out_inst:0_usecol:2_direct_idx0:29.55                      0.4159276238828737   -1.000000000000000   0.0000000000000000
in_inst:0_usecol:1_direct_idx0:29.75                      0.6092952735530230    1.000000000000000   0.0000000000000000
out_inst:0_usecol:2_direct_idx0:29.75                      0.4180473485627596   -1.000000000000000   0.0000000000000000
in_inst:0_usecol:1_direct_idx0:29.95                      0.6055658270767169    1.000000000000000   0.0000000000000000
out_inst:0_usecol:2_direct_idx0:29.95                      0.4189293173936997   -1.000000000000000   0.0000000000000000
in_inst:0_usecol:1_direct_idx0:30.15                      0.6044489389115020    1.000000000000000   0.0000000000000000
out_inst:0_usecol:2_direct_idx0:30.15                      0.4186547305424850   -1.000000000000000   0.0000000000000000
in_inst:0_usecol:1_direct_idx0:30.35                      0.6061848307529898    1.000000000000000   0.0000000000000000
out_inst:0_usecol:2_direct_idx0:30.35                      0.4171505085115722   -1.000000000000000   0.0000000000000000
in_inst:0_usecol:1_direct_idx0:30.55                      0.6121026664261405    1.000000000000000   0.0000000000000000
out_inst:0_usecol:2_direct_idx0:30.55                      0.4141373252394394   -1.000000000000000   0.0000000000000000
in_inst:0_usecol:1_direct_idx0:30.75                      0.6260270792214435    1.000000000000000   0.0000000000000000
out_inst:0_usecol:2_direct_idx0:30.75                      0.4089777572797328   -1.000000000000000   0.0000000000000000
in_inst:0_usecol:1_direct_idx0:30.95                      0.6583502729381726    1.000000000000000   0.0000000000000000
out_inst:0_usecol:2_direct_idx0:30.95                      0.4003443817003290   -1.000000000000000   0.0000000000000000
in_inst:0_usecol:1_direct_idx0:31.15                      0.7373232834749486    1.000000000000000   0.0000000000000000
out_inst:0_usecol:2_direct_idx0:31.15                      0.3859782230433805   -1.000000000000000   0.0000000000000000
in_inst:0_usecol:1_direct_idx0:31.35                      0.6556992892650820    1.000000000000000   0.0000000000000000
out_inst:0_usecol:2_direct_idx0:31.35                      0.4005523258583445   -1.000000000000000   0.0000000000000000
in_inst:0_usecol:1_direct_idx0:31.55                      0.6207616861641215    1.000000000000000   0.0000000000000000
out_inst:0_usecol:2_direct_idx0:31.55                      0.4094237853962270   -1.000000000000000   0.0000000000000000
in_inst:0_usecol:1_direct_idx0:31.75                      0.6038003167836672    1.000000000000000   0.0000000000000000
out_inst:0_usecol:2_direct_idx0:31.75                      0.4148703585458787   -1.000000000000000   0.0000000000000000
in_inst:0_usecol:1_direct_idx0:31.95                      0.5940838493106400    1.000000000000000   0.0000000000000000
out_inst:0_usecol:2_direct_idx0:31.95                      0.4182451127634825   -1.000000000000000   0.0000000000000000
in_inst:0_usecol:1_direct_idx0:32.15                      0.5874132530741303    1.000000000000000   0.0000000000000000
out_inst:0_usecol:2_direct_idx0:32.15                      0.4202177237925120   -1.000000000000000   0.0000000000000000
in_inst:0_usecol:1_direct_idx0:32.35                      0.5819882321687909    1.000000000000000   0.0000000000000000
out_inst:0_usecol:2_direct_idx0:32.35                      0.4211063259201526   -1.000000000000000   0.0000000000000000
in_inst:0_usecol:1_direct_idx0:32.55                      0.5769592600267999    1.000000000000000   0.0000000000000000
out_inst:0_usecol:2_direct_idx0:32.55                      0.4210264977011426   -1.000000000000000   0.0000000000000000
in_inst:0_usecol:1_direct_idx0:32.75                      0.5719858766619413    1.000000000000000   0.0000000000000000
out_inst:0_usecol:2_direct_idx0:32.75                      0.4199310762960995   -1.000000000000000   0.0000000000000000
in_inst:0_usecol:1_direct_idx0:32.95                      0.5673334957737218    1.000000000000000   0.0000000000000000
out_inst:0_usecol:2_direct_idx0:32.95                      0.4175675900674022   -1.000000000000000   0.0000000000000000
in_inst:0_usecol:1_direct_idx0:33.15                      0.5646240068841453    1.000000000000000   0.0000000000000000
out_inst:0_usecol:2_direct_idx0:33.15                      0.4133174166477488   -1.000000000000000   0.0000000000000000
in_inst:0_usecol:1_direct_idx0:33.35                      0.5690125011592843    1.000000000000000   0.0000000000000000
out_inst:0_usecol:2_direct_idx0:33.35                      0.4058245032090002   -1.000000000000000   0.0000000000000000
in_inst:0_usecol:1_direct_idx0:33.55                      0.5946542058512007    1.000000000000000   0.0000000000000000
out_inst:0_usecol:2_direct_idx0:33.55                      0.3926465196895457   -1.000000000000000   0.0000000000000000
in_inst:0_usecol:1_direct_idx0:33.75                      0.5654493293753831    1.000000000000000   0.0000000000000000
out_inst:0_usecol:2_direct_idx0:33.75                      0.4060857487994435   -1.000000000000000   0.0000000000000000
in_inst:0_usecol:1_direct_idx0:33.95                      0.5572369991436819    1.000000000000000   0.0000000000000000
out_inst:0_usecol:2_direct_idx0:33.95                      0.4138764680467464   -1.000000000000000   0.0000000000000000
in_inst:0_usecol:1_direct_idx0:34.15                      0.5553580864536803    1.000000000000000   0.0000000000000000
out_inst:0_usecol:2_direct_idx0:34.15                      0.4184855802670107   -1.000000000000000   0.0000000000000000
in_inst:0_usecol:1_direct_idx0:34.35                      0.5542040899076039    1.000000000000000   0.0000000000000000
out_inst:0_usecol:2_direct_idx0:34.35                      0.4213034815570730   -1.000000000000000   0.0000000000000000
in_inst:0_usecol:1_direct_idx0:34.55                      0.5516035666654694    1.000000000000000   0.0000000000000000
out_inst:0_usecol:2_direct_idx0:34.55                      0.4229946468396420   -1.000000000000000   0.0000000000000000
in_inst:0_usecol:1_direct_idx0:34.75                      0.5465563168896478    1.000000000000000   0.0000000000000000
out_inst:0_usecol:2_direct_idx0:34.75                      0.4238743169884499   -1.000000000000000   0.0000000000000000
in_inst:0_usecol:1_direct_idx0:34.95                      0.5383642304926374    1.000000000000000   0.0000000000000000
out_inst:0_usecol:2_direct_idx0:34.95                      0.4240798078670809   -1.000000000000000   0.0000000000000000
in_inst:0_usecol:1_direct_idx0:35.15                      0.5262999145619708    1.000000000000000   0.0000000000000000
out_inst:0_usecol:2_direct_idx0:35.15                      0.4236339132690685   -1.000000000000000   0.0000000000000000
in_inst:0_usecol:1_direct_idx0:35.35                      0.5094985542253135    1.000000000000000   0.0000000000000000
out_inst:0_usecol:2_direct_idx0:35.35                      0.4224498157857196   -1.000000000000000   0.0000000000000000
in_inst:0_usecol:1_direct_idx0:35.55                      0.4869791128108160    1.000000000000000   0.0000000000000000
out_inst:0_usecol:2_direct_idx0:35.55                      0.4202805655406244   -1.000000000000000   0.0000000000000000
in_inst:0_usecol:1_direct_idx0:35.75                      0.4578052081064982    1.000000000000000   0.0000000000000000
out_inst:0_usecol:2_direct_idx0:35.75                      0.4165721540247158   -1.000000000000000   0.0000000000000000
in_inst:0_usecol:1_direct_idx0:35.95                      0.4214493599736345    1.000000000000000   0.0000000000000000
out_inst:0_usecol:2_direct_idx0:35.95                      0.4101388681987648   -1.000000000000000   0.0000000000000000
in_inst:0_usecol:1_direct_idx0:36.15                      0.3782954858053522    1.000000000000000   0.0000000000000000
out_inst:0_usecol:2_direct_idx0:36.15                      0.3989239488770364   -1.000000000000000   0.0000000000000000
in_inst:0_usecol:1_direct_idx0:36.35                      0.4331142503549191    1.000000000000000   0.0000000000000000
out_inst:0_usecol:2_direct_idx0:36.35                      0.4138525999388030   -1.000000000000000   0.0000000000000000
in_inst:0_usecol:1_direct_idx0:36.55                      0.4848006764741810    1.000000000000000   0.0000000000000000
out_inst:0_usecol:2_direct_idx0:36.55                      0.4245325528996695   -1.000000000000000   0.0000000000000000
in_inst:0_usecol:1_direct_idx0:36.75                      0.5343901013792005    1.000000000000000   0.0000000000000000
out_inst:0_usecol:2_direct_idx0:36.75                      0.4334001069596125   -1.000000000000000   0.0000000000000000
in_inst:0_usecol:1_direct_idx0:36.95                      0.5846714960734355    1.000000000000000   0.0000000000000000
out_inst:0_usecol:2_direct_idx0:36.95                      0.4421736009325857   -1.000000000000000   0.0000000000000000
in_inst:0_usecol:1_direct_idx0:37.15                      0.6401830518826392    1.000000000000000   0.0000000000000000
out_inst:0_usecol:2_direct_idx0:37.15                      0.4521380290433982   -1.000000000000000   0.0000000000000000
in_inst:0_usecol:1_direct_idx0:37.35                      0.7077736207518988    1.000000000000000   0.0000000000000000
out_inst:0_usecol:2_direct_idx0:37.35                      0.4645746206837268   -1.000000000000000   0.0000000000000000
in_inst:0_usecol:1_direct_idx0:37.55                      0.7983499452027584    1.000000000000000   0.0000000000000000
out_inst:0_usecol:2_direct_idx0:37.55                      0.4810996606691366   -1.000000000000000   0.0000000000000000
in_inst:0_usecol:1_direct_idx0:37.75                      0.9311399304260937    1.000000000000000   0.0000000000000000
out_inst:0_usecol:2_direct_idx0:37.75                      0.5040780364521236   -1.000000000000000   0.0000000000000000
in_inst:0_usecol:1_direct_idx0:37.95                      1.144484817356693    1.000000000000000   0.0000000000000000
out_inst:0_usecol:2_direct_idx0:37.95                      0.5373721414232981   -1.000000000000000   0.0000000000000000
in_inst:0_usecol:1_direct_idx0:38.15                      1.526492617027125    1.000000000000000   0.0000000000000000
out_inst:0_usecol:2_direct_idx0:38.15                      0.5880255038918968   -1.000000000000000   0.0000000000000000
in_inst:0_usecol:1_direct_idx0:38.35                      2.315276695383021    1.000000000000000   0.0000000000000000
out_inst:0_usecol:2_direct_idx0:38.35                      0.6706118431825698   -1.000000000000000   0.0000000000000000
in_inst:0_usecol:1_direct_idx0:38.55                      4.247191534514259    1.000000000000000   0.0000000000000000
out_inst:0_usecol:2_direct_idx0:38.55                      0.8192554080319485   -1.000000000000000   0.0000000000000000
in_inst:0_usecol:1_direct_idx0:38.75                      2.326608334109579    1.000000000000000   0.0000000000000000
out_inst:0_usecol:2_direct_idx0:38.75                      0.6743393961636471   -1.000000000000000   0.0000000000000000
in_inst:0_usecol:1_direct_idx0:38.95                      1.540737872227998    1.000000000000000   0.0000000000000000
out_inst:0_usecol:2_direct_idx0:38.95                      0.5949171257484427   -1.000000000000000   0.0000000000000000
in_inst:0_usecol:1_direct_idx0:39.15                      1.160288122920158    1.000000000000000   0.0000000000000000
out_inst:0_usecol:2_direct_idx0:39.15                      0.5476456475084847   -1.000000000000000   0.0000000000000000
in_inst:0_usecol:1_direct_idx0:39.35                      0.9487555131688370    1.000000000000000   0.0000000000000000
out_inst:0_usecol:2_direct_idx0:39.35                      0.5184583544318599   -1.000000000000000   0.0000000000000000
in_inst:0_usecol:1_direct_idx0:39.55                      0.8184983678482017    1.000000000000000   0.0000000000000000
out_inst:0_usecol:2_direct_idx0:39.55                      0.5008069247526105   -1.000000000000000   0.0000000000000000
in_inst:0_usecol:1_direct_idx0:39.75                      0.7313925017847784    1.000000000000000   0.0000000000000000
out_inst:0_usecol:2_direct_idx0:39.75                      0.4914321251060062   -1.000000000000000   0.0000000000000000
in_inst:0_usecol:1_direct_idx0:39.95                      0.6683455507579309    1.000000000000000   0.0000000000000000
out_inst:0_usecol:2_direct_idx0:39.95                      0.4887818414347124   -1.000000000000000   0.0000000000000000
in_inst:0_usecol:1_direct_idx0:40.15                      0.6184693761770416    1.000000000000000   0.0000000000000000
out_inst:0_usecol:2_direct_idx0:40.15                      0.4923946790119024   -1.000000000000000   0.0000000000000000
in_inst:0_usecol:1_direct_idx0:40.35                      0.5746367657716261    1.000000000000000   0.0000000000000000
out_inst:0_usecol:2_direct_idx0:40.35                      0.5026952117006676   -1.000000000000000   0.0000000000000000
in_inst:0_usecol:1_direct_idx0:40.55                      0.5313242286519885    1.000000000000000   0.0000000000000000
out_inst:0_usecol:2_direct_idx0:40.55                      0.5210104590189074   -1.000000000000000   0.0000000000000000
in_inst:0_usecol:1_direct_idx0:40.75                      0.4832352516092675    1.000000000000000   0.0000000000000000
out_inst:0_usecol:2_direct_idx0:40.75                      0.5497257708433920   -1.000000000000000   0.0000000000000000
in_inst:0_usecol:1_direct_idx0:40.95                      0.4240338537997513    1.000000000000000   0.0000000000000000
out_inst:0_usecol:2_direct_idx0:40.95                      0.5924476976756325   -1.000000000000000   0.0000000000000000
in_inst:0_usecol:1_direct_idx0:41.15                      0.3452015403129712    1.000000000000000   0.0000000000000000
out_inst:0_usecol:2_direct_idx0:41.15                      0.6536505855671075   -1.000000000000000   0.0000000000000000
in_inst:0_usecol:1_direct_idx0:41.35                      0.4131958173806717    1.000000000000000   0.0000000000000000
out_inst:0_usecol:2_direct_idx0:41.35                      0.5933469659322008   -1.000000000000000   0.0000000000000000
in_inst:0_usecol:1_direct_idx0:41.55                      0.4577682567672289    1.000000000000000   0.0000000000000000
out_inst:0_usecol:2_direct_idx0:41.55                      0.5514797684958914   -1.000000000000000   0.0000000000000000
in_inst:0_usecol:1_direct_idx0:41.75                      0.4868077459264454    1.000000000000000   0.0000000000000000
out_inst:0_usecol:2_direct_idx0:41.75                      0.5237112248371356   -1.000000000000000   0.0000000000000000
in_inst:0_usecol:1_direct_idx0:41.95                      0.5049431022303055    1.000000000000000   0.0000000000000000
out_inst:0_usecol:2_direct_idx0:41.95                      0.5065612313103844   -1.000000000000000   0.0000000000000000
in_inst:0_usecol:1_direct_idx0:42.15                      0.5146834434175389    1.000000000000000   0.0000000000000000
out_inst:0_usecol:2_direct_idx0:42.15                      0.4977845549971577   -1.000000000000000   0.0000000000000000
in_inst:0_usecol:1_direct_idx0:42.35                      0.5172652770270185    1.000000000000000   0.0000000000000000
out_inst:0_usecol:2_direct_idx0:42.35                      0.4962271483036664   -1.000000000000000   0.0000000000000000
in_inst:0_usecol:1_direct_idx0:42.55                      0.5130609439077956    1.000000000000000   0.0000000000000000
out_inst:0_usecol:2_direct_idx0:42.55                      0.5016814933573533   -1.000000000000000   0.0000000000000000
in_inst:0_usecol:1_direct_idx0:42.75                      0.5017062447557171    1.000000000000000   0.0000000000000000
out_inst:0_usecol:2_direct_idx0:42.75                      0.5148532550646323   -1.000000000000000   0.0000000000000000
in_inst:0_usecol:1_direct_idx0:42.95                      0.4820229075696559    1.000000000000000   0.0000000000000000
out_inst:0_usecol:2_direct_idx0:42.95                      0.5374453594815340   -1.000000000000000   0.0000000000000000
in_inst:0_usecol:1_direct_idx0:43.15                      0.4516975578108605    1.000000000000000   0.0000000000000000
out_inst:0_usecol:2_direct_idx0:43.15                      0.5722912794861376   -1.000000000000000   0.0000000000000000
in_inst:0_usecol:1_direct_idx0:43.35                      0.4066002916449427    1.000000000000000   0.0000000000000000
out_inst:0_usecol:2_direct_idx0:43.35                      0.6232232071634265   -1.000000000000000   0.0000000000000000
in_inst:0_usecol:1_direct_idx0:43.55                      0.3397449331346029    1.000000000000000   0.0000000000000000
out_inst:0_usecol:2_direct_idx0:43.55                      0.6935648177569194   -1.000000000000000   0.0000000000000000
in_inst:0_usecol:1_direct_idx0:43.75                      0.4064534784962711    1.000000000000000   0.0000000000000000
out_inst:0_usecol:2_direct_idx0:43.75                      0.6234579405524682   -1.000000000000000   0.0000000000000000
in_inst:0_usecol:1_direct_idx0:43.95                      0.4514049743869970    1.000000000000000   0.0000000000000000
out_inst:0_usecol:2_direct_idx0:43.95                      0.5727445087080726   -1.000000000000000   0.0000000000000000
in_inst:0_usecol:1_direct_idx0:44.15                      0.4816273715939355    1.000000000000000   0.0000000000000000
out_inst:0_usecol:2_direct_idx0:44.15                      0.5381375751856896   -1.000000000000000   0.0000000000000000
in_inst:0_usecol:1_direct_idx0:44.35                      0.5012893732876778    1.000000000000000   0.0000000000000000
out_inst:0_usecol:2_direct_idx0:44.35                      0.5158394400245531   -1.000000000000000   0.0000000000000000
in_inst:0_usecol:1_direct_idx0:44.55                      0.5127576549582199    1.000000000000000   0.0000000000000000
out_inst:0_usecol:2_direct_idx0:44.55                      0.5030563034767043   -1.000000000000000   0.0000000000000000
in_inst:0_usecol:1_direct_idx0:44.75                      0.5172984236117957    1.000000000000000   0.0000000000000000
out_inst:0_usecol:2_direct_idx0:44.75                      0.4981395396575622   -1.000000000000000   0.0000000000000000
in_inst:0_usecol:1_direct_idx0:44.95                      0.5154331757207201    1.000000000000000   0.0000000000000000
out_inst:0_usecol:2_direct_idx0:44.95                      0.5004675075465351   -1.000000000000000   0.0000000000000000
in_inst:0_usecol:1_direct_idx0:45.15                      0.5070893156854374    1.000000000000000   0.0000000000000000
out_inst:0_usecol:2_direct_idx0:45.15                      0.5103913817585516   -1.000000000000000   0.0000000000000000
in_inst:0_usecol:1_direct_idx0:45.35                      0.4916349042975300    1.000000000000000   0.0000000000000000
out_inst:0_usecol:2_direct_idx0:45.35                      0.5293362916009781   -1.000000000000000   0.0000000000000000
in_inst:0_usecol:1_direct_idx0:45.55                      0.4678218314235743    1.000000000000000   0.0000000000000000
out_inst:0_usecol:2_direct_idx0:45.55                      0.5601147509647223   -1.000000000000000   0.0000000000000000
in_inst:0_usecol:1_direct_idx0:45.75                      0.4336090981671631    1.000000000000000   0.0000000000000000
out_inst:0_usecol:2_direct_idx0:45.75                      0.6075235677671612   -1.000000000000000   0.0000000000000000
in_inst:0_usecol:1_direct_idx0:45.95                      0.3858241265459620    1.000000000000000   0.0000000000000000
out_inst:0_usecol:2_direct_idx0:45.95                      0.6792572732273491   -1.000000000000000   0.0000000000000000
in_inst:0_usecol:1_direct_idx0:46.15                      0.3198380061865821    1.000000000000000   0.0000000000000000
out_inst:0_usecol:2_direct_idx0:46.15                      0.7868978919608407   -1.000000000000000   0.0000000000000000
in_inst:0_usecol:1_direct_idx0:46.35                      0.3839321471099958    1.000000000000000   0.0000000000000000
out_inst:0_usecol:2_direct_idx0:46.35                      0.6823155766274499   -1.000000000000000   0.0000000000000000
in_inst:0_usecol:1_direct_idx0:46.55                      0.4291672363150705    1.000000000000000   0.0000000000000000
out_inst:0_usecol:2_direct_idx0:46.55                      0.6132878743250580   -1.000000000000000   0.0000000000000000
in_inst:0_usecol:1_direct_idx0:46.75                      0.4600948411211516    1.000000000000000   0.0000000000000000
out_inst:0_usecol:2_direct_idx0:46.75                      0.5687778488734850   -1.000000000000000   0.0000000000000000
in_inst:0_usecol:1_direct_idx0:46.95                      0.4796891545635954    1.000000000000000   0.0000000000000000
out_inst:0_usecol:2_direct_idx0:46.95                      0.5415411709391705   -1.000000000000000   0.0000000000000000
in_inst:0_usecol:1_direct_idx0:47.15                      0.4897017572360634    1.000000000000000   0.0000000000000000
out_inst:0_usecol:2_direct_idx0:47.15                      0.5272662502054950   -1.000000000000000   0.0000000000000000
in_inst:0_usecol:1_direct_idx0:47.35                      0.4910145226271387    1.000000000000000   0.0000000000000000
out_inst:0_usecol:2_direct_idx0:47.35                      0.5237762638682321   -1.000000000000000   0.0000000000000000
in_inst:0_usecol:1_direct_idx0:47.55                      0.4838306318511482    1.000000000000000   0.0000000000000000
out_inst:0_usecol:2_direct_idx0:47.55                      0.5305798268476198   -1.000000000000000   0.0000000000000000
in_inst:0_usecol:1_direct_idx0:47.75                      0.4677606490031150    1.000000000000000   0.0000000000000000
out_inst:0_usecol:2_direct_idx0:47.75                      0.5488012684805814   -1.000000000000000   0.0000000000000000
in_inst:0_usecol:1_direct_idx0:47.95                      0.4418507832057071    1.000000000000000   0.0000000000000000
out_inst:0_usecol:2_direct_idx0:47.95                      0.5815407271358878   -1.000000000000000   0.0000000000000000
in_inst:0_usecol:1_direct_idx0:48.15                      0.4045682828202296    1.000000000000000   0.0000000000000000
out_inst:0_usecol:2_direct_idx0:48.15                      0.6348825982613847   -1.000000000000000   0.0000000000000000
in_inst:0_usecol:1_direct_idx0:48.35                      0.3537914607065569    1.000000000000000   0.0000000000000000
out_inst:0_usecol:2_direct_idx0:48.35                      0.7201619219815275   -1.000000000000000   0.0000000000000000
in_inst:0_usecol:1_direct_idx0:48.55                      0.2872967259230023    1.000000000000000   0.0000000000000000
out_inst:0_usecol:2_direct_idx0:48.55                      0.8592534378038454   -1.000000000000000   0.0000000000000000
in_inst:0_usecol:1_direct_idx0:48.75                      0.3529900524184224    1.000000000000000   0.0000000000000000
out_inst:0_usecol:2_direct_idx0:48.75                      0.7187829822913212   -1.000000000000000   0.0000000000000000
in_inst:0_usecol:1_direct_idx0:48.95                      0.4026527912792517    1.000000000000000   0.0000000000000000
out_inst:0_usecol:2_direct_idx0:48.95                      0.6323299294063492   -1.000000000000000   0.0000000000000000
in_inst:0_usecol:1_direct_idx0:49.15                      0.4384792924948548    1.000000000000000   0.0000000000000000
out_inst:0_usecol:2_direct_idx0:49.15                      0.5777462938187620   -1.000000000000000   0.0000000000000000
in_inst:0_usecol:1_direct_idx0:49.35                      0.4625186669630319    1.000000000000000   0.0000000000000000
out_inst:0_usecol:2_direct_idx0:49.35                      0.5434950325060682   -1.000000000000000   0.0000000000000000
in_inst:0_usecol:1_direct_idx0:49.55                      0.4762020398243363    1.000000000000000   0.0000000000000000
out_inst:0_usecol:2_direct_idx0:49.55                      0.5232847467259644   -1.000000000000000   0.0000000000000000
in_inst:0_usecol:1_direct_idx0:49.75                      0.4803697370786835    1.000000000000000   0.0000000000000000
out_inst:0_usecol:2_direct_idx0:49.75                      0.5137531469797967   -1.000000000000000   0.0000000000000000
in_inst:0_usecol:1_direct_idx0:49.95                      0.4753176708831883    1.000000000000000   0.0000000000000000
out_inst:0_usecol:2_direct_idx0:49.95                      0.5134077070353188   -1.000000000000000   0.0000000000000000
in_inst:0_usecol:1_direct_idx0:50.15                      0.4608366607290051    1.000000000000000   0.0000000000000000
out_inst:0_usecol:2_direct_idx0:50.15                      0.5222011717969747   -1.000000000000000   0.0000000000000000
in_inst:0_usecol:1_direct_idx0:50.35                      0.4362683107256055    1.000000000000000   0.0000000000000000
out_inst:0_usecol:2_direct_idx0:50.35                      0.5415246227992316   -1.000000000000000   0.0000000000000000
in_inst:0_usecol:1_direct_idx0:50.55                      0.4005962418919816    1.000000000000000   0.0000000000000000
out_inst:0_usecol:2_direct_idx0:50.55                      0.5746214130951426   -1.000000000000000   0.0000000000000000
in_inst:0_usecol:1_direct_idx0:50.75                      0.3526002430632766    1.000000000000000   0.0000000000000000
out_inst:0_usecol:2_direct_idx0:50.75                      0.6276572659090143   -1.000000000000000   0.0000000000000000
in_inst:0_usecol:1_direct_idx0:50.95                      0.2912280657507869    1.000000000000000   0.0000000000000000
out_inst:0_usecol:2_direct_idx0:50.95                      0.7121478341469955   -1.000000000000000   0.0000000000000000
in_inst:0_usecol:1_direct_idx0:51.15                      0.2170974142830003    1.000000000000000   0.0000000000000000
out_inst:0_usecol:2_direct_idx0:51.15                      0.8508684579980469   -1.000000000000000   0.0000000000000000
in_inst:0_usecol:1_direct_idx0:51.35                      0.2982798632180251    1.000000000000000   0.0000000000000000
out_inst:0_usecol:2_direct_idx0:51.35                      0.7162808713303781   -1.000000000000000   0.0000000000000000
in_inst:0_usecol:1_direct_idx0:51.55                      0.3707781094107785    1.000000000000000   0.0000000000000000
out_inst:0_usecol:2_direct_idx0:51.55                      0.6353437957219812   -1.000000000000000   0.0000000000000000
in_inst:0_usecol:1_direct_idx0:51.75                      0.4346764420950103    1.000000000000000   0.0000000000000000
out_inst:0_usecol:2_direct_idx0:51.75                      0.5861157876841161   -1.000000000000000   0.0000000000000000
in_inst:0_usecol:1_direct_idx0:51.95                      0.4924699544543790    1.000000000000000   0.0000000000000000
out_inst:0_usecol:2_direct_idx0:51.95                      0.5577268758882731   -1.000000000000000   0.0000000000000000
in_inst:0_usecol:1_direct_idx0:52.15                      0.5477660685204027    1.000000000000000   0.0000000000000000
out_inst:0_usecol:2_direct_idx0:52.15                      0.5447343389954108   -1.000000000000000   0.0000000000000000
in_inst:0_usecol:1_direct_idx0:52.35                      0.6053254515994474    1.000000000000000   0.0000000000000000
out_inst:0_usecol:2_direct_idx0:52.35                      0.5449350999820428   -1.000000000000000   0.0000000000000000
in_inst:0_usecol:1_direct_idx0:52.55                      0.6717605268358380    1.000000000000000   0.0000000000000000
out_inst:0_usecol:2_direct_idx0:52.55                      0.5586932291428000   -1.000000000000000   0.0000000000000000
in_inst:0_usecol:1_direct_idx0:52.75                      0.7572592097697866    1.000000000000000   0.0000000000000000
out_inst:0_usecol:2_direct_idx0:52.75                      0.5894202396353772   -1.000000000000000   0.0000000000000000
in_inst:0_usecol:1_direct_idx0:52.95                      0.8797692751036247    1.000000000000000   0.0000000000000000
out_inst:0_usecol:2_direct_idx0:52.95                      0.6459453515581512   -1.000000000000000   0.0000000000000000
in_inst:0_usecol:1_direct_idx0:53.15                      1.076209333965594    1.000000000000000   0.0000000000000000
out_inst:0_usecol:2_direct_idx0:53.15                      0.7501273570530383   -1.000000000000000   0.0000000000000000
in_inst:0_usecol:1_direct_idx0:53.35                      1.436713136887489    1.000000000000000   0.0000000000000000
out_inst:0_usecol:2_direct_idx0:53.35                      0.9639521179742611   -1.000000000000000   0.0000000000000000
in_inst:0_usecol:1_direct_idx0:53.55                      2.213502289812251    1.000000000000000   0.0000000000000000
out_inst:0_usecol:2_direct_idx0:53.55                      1.514769027674826   -1.000000000000000   0.0000000000000000
in_inst:0_usecol:1_direct_idx0:53.75                      1.440727906919973    1.000000000000000   0.0000000000000000
out_inst:0_usecol:2_direct_idx0:53.75                      0.9621963816006917   -1.000000000000000   0.0000000000000000
in_inst:0_usecol:1_direct_idx0:53.95                      1.082448885274268    1.000000000000000   0.0000000000000000
out_inst:0_usecol:2_direct_idx0:53.95                      0.7472563525906950   -1.000000000000000   0.0000000000000000
in_inst:0_usecol:1_direct_idx0:54.15                      0.8879481899295084    1.000000000000000   0.0000000000000000
out_inst:0_usecol:2_direct_idx0:54.15                      0.6419304021219718   -1.000000000000000   0.0000000000000000
in_inst:0_usecol:1_direct_idx0:54.35                      0.7675900393956699    1.000000000000000   0.0000000000000000
out_inst:0_usecol:2_direct_idx0:54.35                      0.5839868481896613   -1.000000000000000   0.0000000000000000
in_inst:0_usecol:1_direct_idx0:54.55                      0.6847120436313603    1.000000000000000   0.0000000000000000
out_inst:0_usecol:2_direct_idx0:54.55                      0.5513614721847194   -1.000000000000000   0.0000000000000000
in_inst:0_usecol:1_direct_idx0:54.75                      0.6215522198422219    1.000000000000000   0.0000000000000000
out_inst:0_usecol:2_direct_idx0:54.75                      0.5349644604309268   -1.000000000000000   0.0000000000000000
in_inst:0_usecol:1_direct_idx0:54.95                      0.5680735076507025    1.000000000000000   0.0000000000000000
out_inst:0_usecol:2_direct_idx0:54.95                      0.5310021233119989   -1.000000000000000   0.0000000000000000
in_inst:0_usecol:1_direct_idx0:55.15                      0.5177709726842806    1.000000000000000   0.0000000000000000
out_inst:0_usecol:2_direct_idx0:55.15                      0.5385135864280287   -1.000000000000000   0.0000000000000000
in_inst:0_usecol:1_direct_idx0:55.35                      0.4659152473187693    1.000000000000000   0.0000000000000000
out_inst:0_usecol:2_direct_idx0:55.35                      0.5587298494607744   -1.000000000000000   0.0000000000000000
in_inst:0_usecol:1_direct_idx0:55.55                      0.4087870752345781    1.000000000000000   0.0000000000000000
out_inst:0_usecol:2_direct_idx0:55.55                      0.5954516719840528   -1.000000000000000   0.0000000000000000
in_inst:0_usecol:1_direct_idx0:55.75                      0.3434226849529716    1.000000000000000   0.0000000000000000
out_inst:0_usecol:2_direct_idx0:55.75                      0.6566753628214791   -1.000000000000000   0.0000000000000000
in_inst:0_usecol:1_direct_idx0:55.95                      0.2679001286534989    1.000000000000000   0.0000000000000000
out_inst:0_usecol:2_direct_idx0:55.95                      0.7590041353002184   -1.000000000000000   0.0000000000000000
in_inst:0_usecol:1_direct_idx0:56.15                      0.1831239811270186    1.000000000000000   0.0000000000000000
out_inst:0_usecol:2_direct_idx0:56.15                      0.9404762320466182   -1.000000000000000   0.0000000000000000
in_inst:0_usecol:1_direct_idx0:56.35                      0.2609224123374653    1.000000000000000   0.0000000000000000
out_inst:0_usecol:2_direct_idx0:56.35                      0.7577892598285970   -1.000000000000000   0.0000000000000000
in_inst:0_usecol:1_direct_idx0:56.55                      0.3249076309153960    1.000000000000000   0.0000000000000000
out_inst:0_usecol:2_direct_idx0:56.55                      0.6544650629068292   -1.000000000000000   0.0000000000000000
in_inst:0_usecol:1_direct_idx0:56.75                      0.3736210354326485    1.000000000000000   0.0000000000000000
out_inst:0_usecol:2_direct_idx0:56.75                      0.5921901873704087   -1.000000000000000   0.0000000000000000
in_inst:0_usecol:1_direct_idx0:56.95                      0.4077358984442397    1.000000000000000   0.0000000000000000
out_inst:0_usecol:2_direct_idx0:56.95                      0.5541713966699237   -1.000000000000000   0.0000000000000000
in_inst:0_usecol:1_direct_idx0:57.15                      0.4281705546319581    1.000000000000000   0.0000000000000000
out_inst:0_usecol:2_direct_idx0:57.15                      0.5322054270022696   -1.000000000000000   0.0000000000000000
in_inst:0_usecol:1_direct_idx0:57.35                      0.4356125661579997    1.000000000000000   0.0000000000000000
out_inst:0_usecol:2_direct_idx0:57.35                      0.5221878973132267   -1.000000000000000   0.0000000000000000
in_inst:0_usecol:1_direct_idx0:57.55                      0.4303789492774706    1.000000000000000   0.0000000000000000
out_inst:0_usecol:2_direct_idx0:57.55                      0.5223542945352290   -1.000000000000000   0.0000000000000000
in_inst:0_usecol:1_direct_idx0:57.75                      0.4123942666737833    1.000000000000000   0.0000000000000000
out_inst:0_usecol:2_direct_idx0:57.75                      0.5325930661754460   -1.000000000000000   0.0000000000000000
in_inst:0_usecol:1_direct_idx0:57.95                      0.3812659794251067    1.000000000000000   0.0000000000000000
out_inst:0_usecol:2_direct_idx0:57.95                      0.5542670939366939   -1.000000000000000   0.0000000000000000
in_inst:0_usecol:1_direct_idx0:58.15                      0.3364803463761050    1.000000000000000   0.0000000000000000
out_inst:0_usecol:2_direct_idx0:58.15                      0.5902884239081277   -1.000000000000000   0.0000000000000000
in_inst:0_usecol:1_direct_idx0:58.35                      0.2778715520076837    1.000000000000000   0.0000000000000000
out_inst:0_usecol:2_direct_idx0:58.35                      0.6450893908555975   -1.000000000000000   0.0000000000000000
in_inst:0_usecol:1_direct_idx0:58.55                      0.2073173965582346    1.000000000000000   0.0000000000000000
out_inst:0_usecol:2_direct_idx0:58.55                      0.7232754943656529   -1.000000000000000   0.0000000000000000
in_inst:0_usecol:1_direct_idx0:58.75                      0.2790519989001197    1.000000000000000   0.0000000000000000
out_inst:0_usecol:2_direct_idx0:58.75                      0.6407959535383065   -1.000000000000000   0.0000000000000000
in_inst:0_usecol:1_direct_idx0:58.95                      0.3394960641455286    1.000000000000000   0.0000000000000000
out_inst:0_usecol:2_direct_idx0:58.95                      0.5820609186732522   -1.000000000000000   0.0000000000000000
in_inst:0_usecol:1_direct_idx0:59.15                      0.3868523613585612    1.000000000000000   0.0000000000000000
out_inst:0_usecol:2_direct_idx0:59.15                      0.5417664256579208   -1.000000000000000   0.0000000000000000
in_inst:0_usecol:1_direct_idx0:59.35                      0.4214469672774337    1.000000000000000   0.0000000000000000
out_inst:0_usecol:2_direct_idx0:59.35                      0.5148496962482831   -1.000000000000000   0.0000000000000000
in_inst:0_usecol:1_direct_idx0:59.55                      0.4440262630143558    1.000000000000000   0.0000000000000000
out_inst:0_usecol:2_direct_idx0:59.55                      0.4976929438397980   -1.000000000000000   0.0000000000000000
in_inst:0_usecol:1_direct_idx0:59.75                      0.4552746811609710    1.000000000000000   0.0000000000000000
out_inst:0_usecol:2_direct_idx0:59.75                      0.4879937847502782   -1.000000000000000   0.0000000000000000
in_inst:0_usecol:1_direct_idx0:59.95                      0.4556020549070716    1.000000000000000   0.0000000000000000
out_inst:0_usecol:2_direct_idx0:59.95                      0.4844677228154464   -1.000000000000000   0.0000000000000000
in_inst:0_usecol:1_direct_idx0:60.15                      0.4450480581628655    1.000000000000000   0.0000000000000000
out_inst:0_usecol:2_direct_idx0:60.15                      0.4866358943677484   -1.000000000000000   0.0000000000000000
in_inst:0_usecol:1_direct_idx0:60.35                      0.4232842776525692    1.000000000000000   0.0000000000000000
out_inst:0_usecol:2_direct_idx0:60.35                      0.4947223763505822   -1.000000000000000   0.0000000000000000
in_inst:0_usecol:1_direct_idx0:60.55                      0.3897153983944084    1.000000000000000   0.0000000000000000
out_inst:0_usecol:2_direct_idx0:60.55                      0.5096292034033050   -1.000000000000000   0.0000000000000000
in_inst:0_usecol:1_direct_idx0:60.75                      0.3437015625666814    1.000000000000000   0.0000000000000000
out_inst:0_usecol:2_direct_idx0:60.75                      0.5328992218439311   -1.000000000000000   0.0000000000000000
in_inst:0_usecol:1_direct_idx0:60.95                      0.2850648651601557    1.000000000000000   0.0000000000000000
out_inst:0_usecol:2_direct_idx0:60.95                      0.5663761655068498   -1.000000000000000   0.0000000000000000
in_inst:0_usecol:1_direct_idx0:61.15                      0.2160046414400682    1.000000000000000   0.0000000000000000
out_inst:0_usecol:2_direct_idx0:61.15                      0.6106168508864508   -1.000000000000000   0.0000000000000000
in_inst:0_usecol:1_direct_idx0:61.35                      0.2840538744987546    1.000000000000000   0.0000000000000000
out_inst:0_usecol:2_direct_idx0:61.35                      0.5650674212580142   -1.000000000000000   0.0000000000000000
in_inst:0_usecol:1_direct_idx0:61.55                      0.3411463430124884    1.000000000000000   0.0000000000000000
out_inst:0_usecol:2_direct_idx0:61.55                      0.5303153707816224   -1.000000000000000   0.0000000000000000
in_inst:0_usecol:1_direct_idx0:61.75                      0.3850271668055725    1.000000000000000   0.0000000000000000
out_inst:0_usecol:2_direct_idx0:61.75                      0.5056214331245050   -1.000000000000000   0.0000000000000000
in_inst:0_usecol:1_direct_idx0:61.95                      0.4157706641031583    1.000000000000000   0.0000000000000000
out_inst:0_usecol:2_direct_idx0:61.95                      0.4889586524520314   -1.000000000000000   0.0000000000000000
in_inst:0_usecol:1_direct_idx0:62.15                      0.4338734173467683    1.000000000000000   0.0000000000000000
out_inst:0_usecol:2_direct_idx0:62.15                      0.4785721983658364   -1.000000000000000   0.0000000000000000
in_inst:0_usecol:1_direct_idx0:62.35                      0.4397628326278469    1.000000000000000   0.0000000000000000
out_inst:0_usecol:2_direct_idx0:62.35                      0.4732843434542546   -1.000000000000000   0.0000000000000000
in_inst:0_usecol:1_direct_idx0:62.55                      0.4335954545641693    1.000000000000000   0.0000000000000000
out_inst:0_usecol:2_direct_idx0:62.55                      0.4724864479671104   -1.000000000000000   0.0000000000000000
in_inst:0_usecol:1_direct_idx0:62.75                      0.4151837844436518    1.000000000000000   0.0000000000000000
out_inst:0_usecol:2_direct_idx0:62.75                      0.4760996224076985   -1.000000000000000   0.0000000000000000
in_inst:0_usecol:1_direct_idx0:62.95                      0.3840290303882675    1.000000000000000   0.0000000000000000
out_inst:0_usecol:2_direct_idx0:62.95                      0.4845832317773789   -1.000000000000000   0.0000000000000000
in_inst:0_usecol:1_direct_idx0:63.15                      0.3394741155773845    1.000000000000000   0.0000000000000000
out_inst:0_usecol:2_direct_idx0:63.15                      0.4990195052279410   -1.000000000000000   0.0000000000000000
in_inst:0_usecol:1_direct_idx0:63.35                      0.2811781084701827    1.000000000000000   0.0000000000000000
out_inst:0_usecol:2_direct_idx0:63.35                      0.5212979863959391   -1.000000000000000   0.0000000000000000
in_inst:0_usecol:1_direct_idx0:63.55                      0.2113232152869093    1.000000000000000   0.0000000000000000
out_inst:0_usecol:2_direct_idx0:63.55                      0.5544635637436236   -1.000000000000000   0.0000000000000000
in_inst:0_usecol:1_direct_idx0:63.75                      0.2820831836511564    1.000000000000000   0.0000000000000000
out_inst:0_usecol:2_direct_idx0:63.75                      0.5193320878913099   -1.000000000000000   0.0000000000000000
in_inst:0_usecol:1_direct_idx0:63.95                      0.3417749546492910    1.000000000000000   0.0000000000000000
out_inst:0_usecol:2_direct_idx0:63.95                      0.4950749786201125   -1.000000000000000   0.0000000000000000
in_inst:0_usecol:1_direct_idx0:64.15                      0.3882697967312083    1.000000000000000   0.0000000000000000
out_inst:0_usecol:2_direct_idx0:64.15                      0.4783786475400080   -1.000000000000000   0.0000000000000000
in_inst:0_usecol:1_direct_idx0:64.35                      0.4220181465178934    1.000000000000000   0.0000000000000000
out_inst:0_usecol:2_direct_idx0:64.35                      0.4670833299117291   -1.000000000000000   0.0000000000000000
in_inst:0_usecol:1_direct_idx0:64.55                      0.4438337526849485    1.000000000000000   0.0000000000000000
out_inst:0_usecol:2_direct_idx0:64.55                      0.4597881126412069   -1.000000000000000   0.0000000000000000
in_inst:0_usecol:1_direct_idx0:64.75                      0.4544009746576323    1.000000000000000   0.0000000000000000
out_inst:0_usecol:2_direct_idx0:64.75                      0.4556211569196371   -1.000000000000000   0.0000000000000000
in_inst:0_usecol:1_direct_idx0:64.95                      0.4540909489167735    1.000000000000000   0.0000000000000000
out_inst:0_usecol:2_direct_idx0:64.95                      0.4541039139988847   -1.000000000000000   0.0000000000000000
in_inst:0_usecol:1_direct_idx0:65.15                      0.4428737993591172    1.000000000000000   0.0000000000000000
out_inst:0_usecol:2_direct_idx0:65.15                      0.4550863764094362   -1.000000000000000   0.0000000000000000
in_inst:0_usecol:1_direct_idx0:65.35                      0.4202962050138654    1.000000000000000   0.0000000000000000
out_inst:0_usecol:2_direct_idx0:65.35                      0.4587498820682113   -1.000000000000000   0.0000000000000000
in_inst:0_usecol:1_direct_idx0:65.55                      0.3855143434806928    1.000000000000000   0.0000000000000000
out_inst:0_usecol:2_direct_idx0:65.55                      0.4657046028274351   -1.000000000000000   0.0000000000000000
in_inst:0_usecol:1_direct_idx0:65.75                      0.3374051917494893    1.000000000000000   0.0000000000000000
out_inst:0_usecol:2_direct_idx0:65.75                      0.4772782159049464   -1.000000000000000   0.0000000000000000
in_inst:0_usecol:1_direct_idx0:65.95                      0.2750398549521598    1.000000000000000   0.0000000000000000
out_inst:0_usecol:2_direct_idx0:65.95                      0.4962861332783482   -1.000000000000000   0.0000000000000000
in_inst:0_usecol:1_direct_idx0:66.15                      0.2002923682365934    1.000000000000000   0.0000000000000000
out_inst:0_usecol:2_direct_idx0:66.15                      0.5292232552329292   -1.000000000000000   0.0000000000000000
in_inst:0_usecol:1_direct_idx0:66.35                      0.2739205310665480    1.000000000000000   0.0000000000000000
out_inst:0_usecol:2_direct_idx0:66.35                      0.4959564310612211   -1.000000000000000   0.0000000000000000
in_inst:0_usecol:1_direct_idx0:66.55                      0.3345246744859799    1.000000000000000   0.0000000000000000
out_inst:0_usecol:2_direct_idx0:66.55                      0.4766129622754741   -1.000000000000000   0.0000000000000000
in_inst:0_usecol:1_direct_idx0:66.75                      0.3801800563507294    1.000000000000000   0.0000000000000000
out_inst:0_usecol:2_direct_idx0:66.75                      0.4646525059521301   -1.000000000000000   0.0000000000000000
in_inst:0_usecol:1_direct_idx0:66.95                      0.4116930492793567    1.000000000000000   0.0000000000000000
out_inst:0_usecol:2_direct_idx0:66.95                      0.4572171971677899   -1.000000000000000   0.0000000000000000
in_inst:0_usecol:1_direct_idx0:67.15                      0.4300038733428499    1.000000000000000   0.0000000000000000
out_inst:0_usecol:2_direct_idx0:67.15                      0.4529324103370965   -1.000000000000000   0.0000000000000000
in_inst:0_usecol:1_direct_idx0:67.35                      0.4357243598935335    1.000000000000000   0.0000000000000000
out_inst:0_usecol:2_direct_idx0:67.35                      0.4511351111388316   -1.000000000000000   0.0000000000000000
in_inst:0_usecol:1_direct_idx0:67.55                      0.4290269982566387    1.000000000000000   0.0000000000000000
out_inst:0_usecol:2_direct_idx0:67.55                      0.4515931387043542   -1.000000000000000   0.0000000000000000
in_inst:0_usecol:1_direct_idx0:67.75                      0.4095908688104532    1.000000000000000   0.0000000000000000
out_inst:0_usecol:2_direct_idx0:67.75                      0.4544413111612747   -1.000000000000000   0.0000000000000000
in_inst:0_usecol:1_direct_idx0:67.95                      0.3765628148941177    1.000000000000000   0.0000000000000000
out_inst:0_usecol:2_direct_idx0:67.95                      0.4602862936195557   -1.000000000000000   0.0000000000000000
in_inst:0_usecol:1_direct_idx0:68.15                      0.3285684156665489    1.000000000000000   0.0000000000000000
out_inst:0_usecol:2_direct_idx0:68.15                      0.4705941330028596   -1.000000000000000   0.0000000000000000
in_inst:0_usecol:1_direct_idx0:68.35                      0.2641834714404105    1.000000000000000   0.0000000000000000
out_inst:0_usecol:2_direct_idx0:68.35                      0.4887913582924586   -1.000000000000000   0.0000000000000000
in_inst:0_usecol:1_direct_idx0:68.55                      0.1851487962144558    1.000000000000000   0.0000000000000000
out_inst:0_usecol:2_direct_idx0:68.55                      0.5235399397408732   -1.000000000000000   0.0000000000000000
in_inst:0_usecol:1_direct_idx0:68.75                      0.2648685512502518    1.000000000000000   0.0000000000000000
out_inst:0_usecol:2_direct_idx0:68.75                      0.4889850294978436   -1.000000000000000   0.0000000000000000
in_inst:0_usecol:1_direct_idx0:68.95                      0.3303618062432586    1.000000000000000   0.0000000000000000
out_inst:0_usecol:2_direct_idx0:68.95                      0.4709855760789849   -1.000000000000000   0.0000000000000000
in_inst:0_usecol:1_direct_idx0:69.15                      0.3799095555831243    1.000000000000000   0.0000000000000000
out_inst:0_usecol:2_direct_idx0:69.15                      0.4609073143942679   -1.000000000000000   0.0000000000000000
in_inst:0_usecol:1_direct_idx0:69.35                      0.4150123737942806    1.000000000000000   0.0000000000000000
out_inst:0_usecol:2_direct_idx0:69.35                      0.4553489949038756   -1.000000000000000   0.0000000000000000
in_inst:0_usecol:1_direct_idx0:69.55                      0.4371633833676435    1.000000000000000   0.0000000000000000
out_inst:0_usecol:2_direct_idx0:69.55                      0.4528728404905752   -1.000000000000000   0.0000000000000000
in_inst:0_usecol:1_direct_idx0:69.75                      0.4473579769428261    1.000000000000000   0.0000000000000000
out_inst:0_usecol:2_direct_idx0:69.75                      0.4529047466325909   -1.000000000000000   0.0000000000000000
in_inst:0_usecol:1_direct_idx0:69.95                      0.4460572290458838    1.000000000000000   0.0000000000000000
out_inst:0_usecol:2_direct_idx0:69.95                      0.4553427989105035   -1.000000000000000   0.0000000000000000
in_inst:0_usecol:1_direct_idx0:70.15                      0.4331841308397898    1.000000000000000   0.0000000000000000
out_inst:0_usecol:2_direct_idx0:70.15                      0.4604342095750590   -1.000000000000000   0.0000000000000000
in_inst:0_usecol:1_direct_idx0:70.35                      0.4081016833855086    1.000000000000000   0.0000000000000000
out_inst:0_usecol:2_direct_idx0:70.35                      0.4687792743600782   -1.000000000000000   0.0000000000000000
in_inst:0_usecol:1_direct_idx0:70.55                      0.3695683062978875    1.000000000000000   0.0000000000000000
out_inst:0_usecol:2_direct_idx0:70.55                      0.4814295123060938   -1.000000000000000   0.0000000000000000
in_inst:0_usecol:1_direct_idx0:70.75                      0.3157485906844461    1.000000000000000   0.0000000000000000
out_inst:0_usecol:2_direct_idx0:70.75                      0.5001076871972955   -1.000000000000000   0.0000000000000000
in_inst:0_usecol:1_direct_idx0:70.95                      0.2449051908479060    1.000000000000000   0.0000000000000000
out_inst:0_usecol:2_direct_idx0:70.95                      0.5276573186419613   -1.000000000000000   0.0000000000000000
in_inst:0_usecol:1_direct_idx0:71.15                      0.1595976805658004    1.000000000000000   0.0000000000000000
out_inst:0_usecol:2_direct_idx0:71.15                      0.5690709512539330   -1.000000000000000   0.0000000000000000
in_inst:0_usecol:1_direct_idx0:71.35                      0.2474790085154939    1.000000000000000   0.0000000000000000
out_inst:0_usecol:2_direct_idx0:71.35                      0.5260770051317776   -1.000000000000000   0.0000000000000000
tot_inst:0_usecol:1_direct                      7.857378033628436    1.000000000000000   0.0000000000000000
p_inst:0_usecol:1_direct_idx0:boreholedepth                      71.25000000000000    1.000000000000000   0.0000000000000000
p_inst:0_usecol:1_direct_idx0:spatialdiscretizationofgrid                      2.500000000000000    1.000000000000000   0.0000000000000000
p_inst:0_usecol:1_direct_idx0:constantboreholecross-sectionalarea                      0.03141592700000000    1.000000000000000   0.0000000000000000
p_inst:0_usecol:1_direct_idx0:dispersivity                      1.879279693908456    1.000000000000000   0.0000000000000000
p_inst:0_usecol:1_direct_idx0:diffusioncoefficient                      1.000000000000000e-09    1.000000000000000   0.0000000000000000
p_inst:0_usecol:1_direct_idx0:tracerconcentrationofwaterinflow                      0.0000000000000000    1.000000000000000   0.0000000000000000
p_inst:0_usecol:1_direct_idx0:watertemperature                      28.50000000000000    1.000000000000000   0.0000000000000000
p_inst:0_usecol:1_direct_idx0:alphamin                      0.2000000000000000    1.000000000000000   0.0000000000000000
p_inst:0_usecol:1_direct_idx0:alphamax                      1.500000000000000    1.000000000000000   0.0000000000000000
p_inst:0_usecol:1_direct_idx0:flowmin                      0.0000000000000000    1.000000000000000   0.0000000000000000
p_inst:0_usecol:1_direct_idx0:flowmax                      2.000000000000000    1.000000000000000   0.0000000000000000
