single point
in_inst:0_usecol:1_direct_idx0:30                      0.9973817859728455    1.000000000000000   0.0000000000000000
out_inst:0_usecol:2_direct_idx0:30                      0.1765750055450260   -1.000000000000000   0.0000000000000000
in_inst:0_usecol:1_direct_idx0:31                      0.8821769331110761    1.000000000000000   0.0000000000000000
out_inst:0_usecol:2_direct_idx0:31                      0.1122115855893657   -1.000000000000000   0.0000000000000000
in_inst:0_usecol:1_direct_idx0:32                      1.424144613234379    1.000000000000000   0.0000000000000000
out_inst:0_usecol:2_direct_idx0:32                      0.1006207671126277   -1.000000000000000   0.0000000000000000
in_inst:0_usecol:1_direct_idx0:33                      1.017069124139028    1.000000000000000   0.0000000000000000
out_inst:0_usecol:2_direct_idx0:33                      0.1392764138469220   -1.000000000000000   0.0000000000000000
in_inst:0_usecol:1_direct_idx0:34                      0.7030746671372523    1.000000000000000   0.0000000000000000
out_inst:0_usecol:2_direct_idx0:34                      0.1684516789930864   -1.000000000000000   0.0000000000000000
in_inst:0_usecol:1_direct_idx0:35                      0.5568904776544186    1.000000000000000   0.0000000000000000
out_inst:0_usecol:2_direct_idx0:35                      0.1886153769760631   -1.000000000000000   0.0000000000000000
in_inst:0_usecol:1_direct_idx0:36                      0.4616542530309574    1.000000000000000   0.0000000000000000
out_inst:0_usecol:2_direct_idx0:36                      0.2146117458044579   -1.000000000000000   0.0000000000000000
in_inst:0_usecol:1_direct_idx0:37                      0.4004360550266080    1.000000000000000   0.0000000000000000
out_inst:0_usecol:2_direct_idx0:37                      0.2436555180715662   -1.000000000000000   0.0000000000000000
in_inst:0_usecol:1_direct_idx0:38                      0.3818055758540608    1.000000000000000   0.0000000000000000
out_inst:0_usecol:2_direct_idx0:38                      0.2665289479687202   -1.000000000000000   0.0000000000000000
in_inst:0_usecol:1_direct_idx0:39                      0.3834101614940383    1.000000000000000   0.0000000000000000
out_inst:0_usecol:2_direct_idx0:39                      0.2855430669072160   -1.000000000000000   0.0000000000000000
in_inst:0_usecol:1_direct_idx0:40                      0.3998438371796832    1.000000000000000   0.0000000000000000
out_inst:0_usecol:2_direct_idx0:40                      0.2994013405575335   -1.000000000000000   0.0000000000000000
in_inst:0_usecol:1_direct_idx0:41                      0.4130989169063599    1.000000000000000   0.0000000000000000
out_inst:0_usecol:2_direct_idx0:41                      0.3106528577274974   -1.000000000000000   0.0000000000000000
in_inst:0_usecol:1_direct_idx0:42                      0.4176367159438142    1.000000000000000   0.0000000000000000
out_inst:0_usecol:2_direct_idx0:42                      0.3199854910433180   -1.000000000000000   0.0000000000000000
in_inst:0_usecol:1_direct_idx0:43                      0.4079665699741842    1.000000000000000   0.0000000000000000
out_inst:0_usecol:2_direct_idx0:43                      0.3279686804106009   -1.000000000000000   0.0000000000000000
in_inst:0_usecol:1_direct_idx0:44                      0.3972055324098253    1.000000000000000   0.0000000000000000
out_inst:0_usecol:2_direct_idx0:44                      0.3346152151503132   -1.000000000000000   0.0000000000000000
in_inst:0_usecol:1_direct_idx0:45                      0.4121502326561655    1.000000000000000   0.0000000000000000
out_inst:0_usecol:2_direct_idx0:45                      0.3411678337036206   -1.000000000000000   0.0000000000000000
in_inst:0_usecol:1_direct_idx0:46                      0.4378556169336080    1.000000000000000   0.0000000000000000
out_inst:0_usecol:2_direct_idx0:46                      0.3488648449826248   -1.000000000000000   0.0000000000000000
in_inst:0_usecol:1_direct_idx0:47                      0.4572105265442691    1.000000000000000   0.0000000000000000
out_inst:0_usecol:2_direct_idx0:47                      0.3577203538018109   -1.000000000000000   0.0000000000000000
in_inst:0_usecol:1_direct_idx0:48                      0.4576182236697068    1.000000000000000   0.0000000000000000
out_inst:0_usecol:2_direct_idx0:48                      0.3673473678581223   -1.000000000000000   0.0000000000000000
in_inst:0_usecol:1_direct_idx0:49                      0.4498557097013167    1.000000000000000   0.0000000000000000
out_inst:0_usecol:2_direct_idx0:49                      0.3772946362149402   -1.000000000000000   0.0000000000000000
in_inst:0_usecol:1_direct_idx0:50                      0.4457021511522732    1.000000000000000   0.0000000000000000
out_inst:0_usecol:2_direct_idx0:50                      0.3879037207223338   -1.000000000000000   0.0000000000000000
in_inst:0_usecol:1_direct_idx0:51                      0.4403432015803463    1.000000000000000   0.0000000000000000
out_inst:0_usecol:2_direct_idx0:51                      0.3995040146488017   -1.000000000000000   0.0000000000000000
in_inst:0_usecol:1_direct_idx0:52                      0.4319694285323660    1.000000000000000   0.0000000000000000
out_inst:0_usecol:2_direct_idx0:52                      0.4115449856710522   -1.000000000000000   0.0000000000000000
in_inst:0_usecol:1_direct_idx0:53                      0.4369632820138278    1.000000000000000   0.0000000000000000
out_inst:0_usecol:2_direct_idx0:53                      0.4239598773911672   -1.000000000000000   0.0000000000000000
in_inst:0_usecol:1_direct_idx0:54                      0.4491163533294412    1.000000000000000   0.0000000000000000
out_inst:0_usecol:2_direct_idx0:54                      0.4375396947687938   -1.000000000000000   0.0000000000000000
in_inst:0_usecol:1_direct_idx0:55                      0.4647900726056357    1.000000000000000   0.0000000000000000
out_inst:0_usecol:2_direct_idx0:55                      0.4521494764277458   -1.000000000000000   0.0000000000000000
in_inst:0_usecol:1_direct_idx0:56                      0.4740274571668385    1.000000000000000   0.0000000000000000
out_inst:0_usecol:2_direct_idx0:56                      0.4676524474918504   -1.000000000000000   0.0000000000000000
in_inst:0_usecol:1_direct_idx0:57                      0.4744687872580967    1.000000000000000   0.0000000000000000
out_inst:0_usecol:2_direct_idx0:57                      0.4836887769910401   -1.000000000000000   0.0000000000000000
in_inst:0_usecol:1_direct_idx0:58                      0.4721712914843944    1.000000000000000   0.0000000000000000
out_inst:0_usecol:2_direct_idx0:58                      0.4999992921231188   -1.000000000000000   0.0000000000000000
in_inst:0_usecol:1_direct_idx0:59                      0.4682149462228573    1.000000000000000   0.0000000000000000
out_inst:0_usecol:2_direct_idx0:59                      0.5165216812147551   -1.000000000000000   0.0000000000000000
in_inst:0_usecol:1_direct_idx0:60                      0.4606059196610935    1.000000000000000   0.0000000000000000
out_inst:0_usecol:2_direct_idx0:60                      0.5334679082313004   -1.000000000000000   0.0000000000000000
in_inst:0_usecol:1_direct_idx0:61                      0.4481955722626886    1.000000000000000   0.0000000000000000
out_inst:0_usecol:2_direct_idx0:61                      0.5521056186839144   -1.000000000000000   0.0000000000000000
in_inst:0_usecol:1_direct_idx0:62                      0.4484313125211575    1.000000000000000   0.0000000000000000
out_inst:0_usecol:2_direct_idx0:62                      0.5723747239946143   -1.000000000000000   0.0000000000000000
in_inst:0_usecol:1_direct_idx0:63                      0.4687412285995547    1.000000000000000   0.0000000000000000
out_inst:0_usecol:2_direct_idx0:63                      0.5918794371316605   -1.000000000000000   0.0000000000000000
in_inst:0_usecol:1_direct_idx0:64                      0.4869324247006995    1.000000000000000   0.0000000000000000
out_inst:0_usecol:2_direct_idx0:64                      0.6110421011510755   -1.000000000000000   0.0000000000000000
in_inst:0_usecol:1_direct_idx0:65                      0.5027272074412543    1.000000000000000   0.0000000000000000
out_inst:0_usecol:2_direct_idx0:65                      0.6310514298605622   -1.000000000000000   0.0000000000000000
in_inst:0_usecol:1_direct_idx0:66                      0.5245028335937741    1.000000000000000   0.0000000000000000
out_inst:0_usecol:2_direct_idx0:66                      0.6475269499368534   -1.000000000000000   0.0000000000000000
in_inst:0_usecol:1_direct_idx0:67                      0.5241912223257477    1.000000000000000   0.0000000000000000
out_inst:0_usecol:2_direct_idx0:67                      0.6631087429125053   -1.000000000000000   0.0000000000000000
in_inst:0_usecol:1_direct_idx0:68                      0.5147218922474899    1.000000000000000   0.0000000000000000
out_inst:0_usecol:2_direct_idx0:68                      0.6825015117469171   -1.000000000000000   0.0000000000000000
in_inst:0_usecol:1_direct_idx0:69                      0.5205223966700311    1.000000000000000   0.0000000000000000
out_inst:0_usecol:2_direct_idx0:69                      0.7010434053474334   -1.000000000000000   0.0000000000000000
in_inst:0_usecol:1_direct_idx0:70                      0.5316549490864452    1.000000000000000   0.0000000000000000
out_inst:0_usecol:2_direct_idx0:70                      0.7123726828358885   -1.000000000000000   0.0000000000000000
in_inst:0_usecol:1_direct_idx0:71                      0.5161625598706236    1.000000000000000   0.0000000000000000
out_inst:0_usecol:2_direct_idx0:71                      0.7241382394753634   -1.000000000000000   0.0000000000000000
in_inst:0_usecol:1_direct_idx0:72                      0.4962433877433053    1.000000000000000   0.0000000000000000
out_inst:0_usecol:2_direct_idx0:72                      0.7415716104963508   -1.000000000000000   0.0000000000000000
in_inst:0_usecol:1_direct_idx0:73                      0.4909125392004262    1.000000000000000   0.0000000000000000
out_inst:0_usecol:2_direct_idx0:73                      0.7557054721573441   -1.000000000000000   0.0000000000000000
in_inst:0_usecol:1_direct_idx0:74                      0.4777986994639407    1.000000000000000   0.0000000000000000
out_inst:0_usecol:2_direct_idx0:74                      0.7709784389984240   -1.000000000000000   0.0000000000000000
in_inst:0_usecol:1_direct_idx0:75                      0.4616074378143747    1.000000000000000   0.0000000000000000
out_inst:0_usecol:2_direct_idx0:75                      0.7897457876107273   -1.000000000000000   0.0000000000000000
in_inst:0_usecol:1_direct_idx0:76                      0.4491086644091878    1.000000000000000   0.0000000000000000
out_inst:0_usecol:2_direct_idx0:76                      0.8050151958632735   -1.000000000000000   0.0000000000000000
in_inst:0_usecol:1_direct_idx0:77                      0.4423455815084199    1.000000000000000   0.0000000000000000
out_inst:0_usecol:2_direct_idx0:77                      0.7924734740166527   -1.000000000000000   0.0000000000000000
in_inst:0_usecol:1_direct_idx0:78                      0.4248788494343382    1.000000000000000   0.0000000000000000
out_inst:0_usecol:2_direct_idx0:78                      0.7663611955770084   -1.000000000000000   0.0000000000000000
in_inst:0_usecol:1_direct_idx0:79                      0.4343624087281180    1.000000000000000   0.0000000000000000
out_inst:0_usecol:2_direct_idx0:79                      0.6845620396191329   -1.000000000000000   0.0000000000000000
in_inst:0_usecol:1_direct_idx0:80                      0.4151917900707295    1.000000000000000   0.0000000000000000
out_inst:0_usecol:2_direct_idx0:80                      0.6502571669725232   -1.000000000000000   0.0000000000000000
in_inst:0_usecol:1_direct_idx0:81                      0.4940020624790099    1.000000000000000   0.0000000000000000
out_inst:0_usecol:2_direct_idx0:81                      0.6608857110706258   -1.000000000000000   0.0000000000000000
in_inst:0_usecol:1_direct_idx0:82                      0.8300217937469737    1.000000000000000   0.0000000000000000
out_inst:0_usecol:2_direct_idx0:82                      0.4621835169810745   -1.000000000000000   0.0000000000000000
in_inst:0_usecol:1_direct_idx0:83                      0.7679440042247019    1.000000000000000   0.0000000000000000
out_inst:0_usecol:2_direct_idx0:83                      0.1946574517595242   -1.000000000000000   0.0000000000000000
in_inst:0_usecol:1_direct_idx0:84                      0.1136602384982649    1.000000000000000   0.0000000000000000
out_inst:0_usecol:2_direct_idx0:84                      0.1785376857780520   -1.000000000000000   0.0000000000000000
tot_inst:0_usecol:1_direct                      0.1164891046526211    1.000000000000000   0.0000000000000000
p_inst:0_usecol:1_direct_idx0:boreholedepth[l]                      88.20999999999999    1.000000000000000   0.0000000000000000
p_inst:0_usecol:1_direct_idx0:spatialdiscretizationofgrid[l]                      1.000000000000000    1.000000000000000   0.0000000000000000
p_inst:0_usecol:1_direct_idx0:constantboreholecross-sectionalarea[l^2]                      0.01350000000000000    1.000000000000000   0.0000000000000000
p_inst:0_usecol:1_direct_idx0:dispersivity[l^-1]                      2.926212305516631    1.000000000000000   0.0000000000000000
p_inst:0_usecol:1_direct_idx0:diffusioncoefficient[l^2/t]                      1.000000000000000e-09    1.000000000000000   0.0000000000000000
p_inst:0_usecol:1_direct_idx0:tracerconcentrationofwaterinflow[m/l^3]                      0.0000000000000000    1.000000000000000   0.0000000000000000
p_inst:0_usecol:1_direct_idx0:watertemperature[celsius](onlyreadifaboveisfec)                      27.70000000000000    1.000000000000000   0.0000000000000000
p_inst:0_usecol:1_direct_idx0:alphamin                      0.2000000000000000    1.000000000000000   0.0000000000000000
p_inst:0_usecol:1_direct_idx0:alphamax                      0.6000000000000000    1.000000000000000   0.0000000000000000
p_inst:0_usecol:1_direct_idx0:flowmin                      1.000000000000000    1.000000000000000   0.0000000000000000
p_inst:0_usecol:1_direct_idx0:flowmax                      4.000000000000000    1.000000000000000   0.0000000000000000
