single point
in_inst:0_usecol:1_direct_idx0:30                      10.97119964570130    1.000000000000000   0.0000000000000000
out_inst:0_usecol:2_direct_idx0:30                      0.1508918335375920   -1.000000000000000   0.0000000000000000
in_inst:0_usecol:1_direct_idx0:31                      0.9429336309447196    1.000000000000000   0.0000000000000000
out_inst:0_usecol:2_direct_idx0:31                      0.09831696612359779   -1.000000000000000   0.0000000000000000
in_inst:0_usecol:1_direct_idx0:32                      1.359022953741936    1.000000000000000   0.0000000000000000
out_inst:0_usecol:2_direct_idx0:32                      0.08505889589894483   -1.000000000000000   0.0000000000000000
in_inst:0_usecol:1_direct_idx0:33                      0.9496845496037202    1.000000000000000   0.0000000000000000
out_inst:0_usecol:2_direct_idx0:33                      0.1194654653997594   -1.000000000000000   0.0000000000000000
in_inst:0_usecol:1_direct_idx0:34                      0.6961339417932086    1.000000000000000   0.0000000000000000
out_inst:0_usecol:2_direct_idx0:34                      0.1475520754136663   -1.000000000000000   0.0000000000000000
in_inst:0_usecol:1_direct_idx0:35                      0.5782834588113870    1.000000000000000   0.0000000000000000
out_inst:0_usecol:2_direct_idx0:35                      0.1681242816234683   -1.000000000000000   0.0000000000000000
in_inst:0_usecol:1_direct_idx0:36                      0.4866089078826165    1.000000000000000   0.0000000000000000
out_inst:0_usecol:2_direct_idx0:36                      0.1966001465510674   -1.000000000000000   0.0000000000000000
in_inst:0_usecol:1_direct_idx0:37                      0.3845073147656309    1.000000000000000   0.0000000000000000
out_inst:0_usecol:2_direct_idx0:37                      0.2347140191731276   -1.000000000000000   0.0000000000000000
in_inst:0_usecol:1_direct_idx0:38                      0.3651432432357192    1.000000000000000   0.0000000000000000
out_inst:0_usecol:2_direct_idx0:38                      0.2693089147875903   -1.000000000000000   0.0000000000000000
in_inst:0_usecol:1_direct_idx0:39                      0.3611905560695986    1.000000000000000   0.0000000000000000
out_inst:0_usecol:2_direct_idx0:39                      0.3009468029784044   -1.000000000000000   0.0000000000000000
in_inst:0_usecol:1_direct_idx0:40                      0.3768099813898315    1.000000000000000   0.0000000000000000
out_inst:0_usecol:2_direct_idx0:40                      0.3206281660783337   -1.000000000000000   0.0000000000000000
in_inst:0_usecol:1_direct_idx0:41                      0.3956684639477045    1.000000000000000   0.0000000000000000
out_inst:0_usecol:2_direct_idx0:41                      0.3323472564380093   -1.000000000000000   0.0000000000000000
in_inst:0_usecol:1_direct_idx0:42                      0.4056515197234145    1.000000000000000   0.0000000000000000
out_inst:0_usecol:2_direct_idx0:42                      0.3406372727118240   -1.000000000000000   0.0000000000000000
in_inst:0_usecol:1_direct_idx0:43                      0.4022368860072557    1.000000000000000   0.0000000000000000
out_inst:0_usecol:2_direct_idx0:43                      0.3479839673189554   -1.000000000000000   0.0000000000000000
in_inst:0_usecol:1_direct_idx0:44                      0.3875290674632951    1.000000000000000   0.0000000000000000
out_inst:0_usecol:2_direct_idx0:44                      0.3545260634605604   -1.000000000000000   0.0000000000000000
in_inst:0_usecol:1_direct_idx0:45                      0.4036180574159016    1.000000000000000   0.0000000000000000
out_inst:0_usecol:2_direct_idx0:45                      0.3610616908056127   -1.000000000000000   0.0000000000000000
in_inst:0_usecol:1_direct_idx0:46                      0.4314598341574781    1.000000000000000   0.0000000000000000
out_inst:0_usecol:2_direct_idx0:46                      0.3687621109891037   -1.000000000000000   0.0000000000000000
in_inst:0_usecol:1_direct_idx0:47                      0.4515880264302937    1.000000000000000   0.0000000000000000
out_inst:0_usecol:2_direct_idx0:47                      0.3777955058000648   -1.000000000000000   0.0000000000000000
in_inst:0_usecol:1_direct_idx0:48                      0.4516713529111437    1.000000000000000   0.0000000000000000
out_inst:0_usecol:2_direct_idx0:48                      0.3879143955725894   -1.000000000000000   0.0000000000000000
in_inst:0_usecol:1_direct_idx0:49                      0.4425228423811221    1.000000000000000   0.0000000000000000
out_inst:0_usecol:2_direct_idx0:49                      0.3983403558154436   -1.000000000000000   0.0000000000000000
in_inst:0_usecol:1_direct_idx0:50                      0.4369753915195376    1.000000000000000   0.0000000000000000
out_inst:0_usecol:2_direct_idx0:50                      0.4093012421181103   -1.000000000000000   0.0000000000000000
in_inst:0_usecol:1_direct_idx0:51                      0.4303054900795981    1.000000000000000   0.0000000000000000
out_inst:0_usecol:2_direct_idx0:51                      0.4215782147522257   -1.000000000000000   0.0000000000000000
in_inst:0_usecol:1_direct_idx0:52                      0.4212587621956565    1.000000000000000   0.0000000000000000
out_inst:0_usecol:2_direct_idx0:52                      0.4346733818412106   -1.000000000000000   0.0000000000000000
in_inst:0_usecol:1_direct_idx0:53                      0.4253458535151276    1.000000000000000   0.0000000000000000
out_inst:0_usecol:2_direct_idx0:53                      0.4477337553079902   -1.000000000000000   0.0000000000000000
in_inst:0_usecol:1_direct_idx0:54                      0.4378005406041969    1.000000000000000   0.0000000000000000
out_inst:0_usecol:2_direct_idx0:54                      0.4622517878821076   -1.000000000000000   0.0000000000000000
in_inst:0_usecol:1_direct_idx0:55                      0.4540003405571629    1.000000000000000   0.0000000000000000
out_inst:0_usecol:2_direct_idx0:55                      0.4780981142135203   -1.000000000000000   0.0000000000000000
in_inst:0_usecol:1_direct_idx0:56                      0.4627713776145042    1.000000000000000   0.0000000000000000
out_inst:0_usecol:2_direct_idx0:56                      0.4952858976743333   -1.000000000000000   0.0000000000000000
in_inst:0_usecol:1_direct_idx0:57                      0.4637651561183285    1.000000000000000   0.0000000000000000
out_inst:0_usecol:2_direct_idx0:57                      0.5132970774544999   -1.000000000000000   0.0000000000000000
in_inst:0_usecol:1_direct_idx0:58                      0.4616680919634582    1.000000000000000   0.0000000000000000
out_inst:0_usecol:2_direct_idx0:58                      0.5313250877069099   -1.000000000000000   0.0000000000000000
in_inst:0_usecol:1_direct_idx0:59                      0.4597522739526715    1.000000000000000   0.0000000000000000
out_inst:0_usecol:2_direct_idx0:59                      0.5494358365047534   -1.000000000000000   0.0000000000000000
in_inst:0_usecol:1_direct_idx0:60                      0.4518271399660974    1.000000000000000   0.0000000000000000
out_inst:0_usecol:2_direct_idx0:60                      0.5677867973941650   -1.000000000000000   0.0000000000000000
in_inst:0_usecol:1_direct_idx0:61                      0.4389035494455376    1.000000000000000   0.0000000000000000
out_inst:0_usecol:2_direct_idx0:61                      0.5880139634548405   -1.000000000000000   0.0000000000000000
in_inst:0_usecol:1_direct_idx0:62                      0.4396484573036267    1.000000000000000   0.0000000000000000
out_inst:0_usecol:2_direct_idx0:62                      0.6087997445005060   -1.000000000000000   0.0000000000000000
in_inst:0_usecol:1_direct_idx0:63                      0.4637694266418266    1.000000000000000   0.0000000000000000
out_inst:0_usecol:2_direct_idx0:63                      0.6270148960972047   -1.000000000000000   0.0000000000000000
in_inst:0_usecol:1_direct_idx0:64                      0.4862503391732412    1.000000000000000   0.0000000000000000
out_inst:0_usecol:2_direct_idx0:64                      0.6444379852587302   -1.000000000000000   0.0000000000000000
in_inst:0_usecol:1_direct_idx0:65                      0.5078004456903799    1.000000000000000   0.0000000000000000
out_inst:0_usecol:2_direct_idx0:65                      0.6623035372313110   -1.000000000000000   0.0000000000000000
in_inst:0_usecol:1_direct_idx0:66                      0.5334845522022249    1.000000000000000   0.0000000000000000
out_inst:0_usecol:2_direct_idx0:66                      0.6755202299269242   -1.000000000000000   0.0000000000000000
in_inst:0_usecol:1_direct_idx0:67                      0.5345417088947170    1.000000000000000   0.0000000000000000
out_inst:0_usecol:2_direct_idx0:67                      0.6891115106770365   -1.000000000000000   0.0000000000000000
in_inst:0_usecol:1_direct_idx0:68                      0.5229758666264701    1.000000000000000   0.0000000000000000
out_inst:0_usecol:2_direct_idx0:68                      0.7076066873110316   -1.000000000000000   0.0000000000000000
in_inst:0_usecol:1_direct_idx0:69                      0.5266370744819596    1.000000000000000   0.0000000000000000
out_inst:0_usecol:2_direct_idx0:69                      0.7252840632544505   -1.000000000000000   0.0000000000000000
in_inst:0_usecol:1_direct_idx0:70                      0.5397468457031727    1.000000000000000   0.0000000000000000
out_inst:0_usecol:2_direct_idx0:70                      0.7359987723170643   -1.000000000000000   0.0000000000000000
in_inst:0_usecol:1_direct_idx0:71                      0.5184176576089428    1.000000000000000   0.0000000000000000
out_inst:0_usecol:2_direct_idx0:71                      0.7488250367701289   -1.000000000000000   0.0000000000000000
in_inst:0_usecol:1_direct_idx0:72                      0.4946217567787018    1.000000000000000   0.0000000000000000
out_inst:0_usecol:2_direct_idx0:72                      0.7681696785972337   -1.000000000000000   0.0000000000000000
in_inst:0_usecol:1_direct_idx0:73                      0.4865550461132935    1.000000000000000   0.0000000000000000
out_inst:0_usecol:2_direct_idx0:73                      0.7838027724671945   -1.000000000000000   0.0000000000000000
in_inst:0_usecol:1_direct_idx0:74                      0.4715701863473323    1.000000000000000   0.0000000000000000
out_inst:0_usecol:2_direct_idx0:74                      0.8007464651304330   -1.000000000000000   0.0000000000000000
in_inst:0_usecol:1_direct_idx0:75                      0.4540400078809343    1.000000000000000   0.0000000000000000
out_inst:0_usecol:2_direct_idx0:75                      0.8212231006624493   -1.000000000000000   0.0000000000000000
in_inst:0_usecol:1_direct_idx0:76                      0.4455734301767826    1.000000000000000   0.0000000000000000
out_inst:0_usecol:2_direct_idx0:76                      0.8382141155132919   -1.000000000000000   0.0000000000000000
in_inst:0_usecol:1_direct_idx0:77                      0.4542928982250611    1.000000000000000   0.0000000000000000
out_inst:0_usecol:2_direct_idx0:77                      0.8273223820156184   -1.000000000000000   0.0000000000000000
in_inst:0_usecol:1_direct_idx0:78                      0.4328878806783194    1.000000000000000   0.0000000000000000
out_inst:0_usecol:2_direct_idx0:78                      0.8074499963347443   -1.000000000000000   0.0000000000000000
in_inst:0_usecol:1_direct_idx0:79                      0.4654079933474451    1.000000000000000   0.0000000000000000
out_inst:0_usecol:2_direct_idx0:79                      0.7369202740539491   -1.000000000000000   0.0000000000000000
in_inst:0_usecol:1_direct_idx0:80                      0.4252737894988156    1.000000000000000   0.0000000000000000
out_inst:0_usecol:2_direct_idx0:80                      0.7285759733720124   -1.000000000000000   0.0000000000000000
in_inst:0_usecol:1_direct_idx0:81                      0.4807696025636996    1.000000000000000   0.0000000000000000
out_inst:0_usecol:2_direct_idx0:81                      0.7990558972630736   -1.000000000000000   0.0000000000000000
in_inst:0_usecol:1_direct_idx0:82                      0.8894163800357600    1.000000000000000   0.0000000000000000
out_inst:0_usecol:2_direct_idx0:82                      0.5951999151367114   -1.000000000000000   0.0000000000000000
in_inst:0_usecol:1_direct_idx0:83                      0.7701047373868329    1.000000000000000   0.0000000000000000
out_inst:0_usecol:2_direct_idx0:83                      0.2169349414365761   -1.000000000000000   0.0000000000000000
in_inst:0_usecol:1_direct_idx0:84                      0.08548309561387107    1.000000000000000   0.0000000000000000
out_inst:0_usecol:2_direct_idx0:84                      0.2488356659383324   -1.000000000000000   0.0000000000000000
tot_inst:0_usecol:1_direct                      0.1140518269659492    1.000000000000000   0.0000000000000000
p_inst:0_usecol:1_direct_idx0:boreholedepth[l]                      88.20999999999999    1.000000000000000   0.0000000000000000
p_inst:0_usecol:1_direct_idx0:spatialdiscretizationofgrid[l]                      1.000000000000000    1.000000000000000   0.0000000000000000
p_inst:0_usecol:1_direct_idx0:constantboreholecross-sectionalarea[l^2]                      0.01350000000000000    1.000000000000000   0.0000000000000000
p_inst:0_usecol:1_direct_idx0:dispersivity[l^-1]                      3.245569279063492    1.000000000000000   0.0000000000000000
p_inst:0_usecol:1_direct_idx0:diffusioncoefficient[l^2/t]                      1.000000000000000e-09    1.000000000000000   0.0000000000000000
p_inst:0_usecol:1_direct_idx0:tracerconcentrationofwaterinflow[m/l^3]                      0.0000000000000000    1.000000000000000   0.0000000000000000
p_inst:0_usecol:1_direct_idx0:watertemperature[celsius](onlyreadifaboveisfec)                      27.70000000000000    1.000000000000000   0.0000000000000000
p_inst:0_usecol:1_direct_idx0:alphamin                      0.2000000000000000    1.000000000000000   0.0000000000000000
p_inst:0_usecol:1_direct_idx0:alphamax                      0.6000000000000000    1.000000000000000   0.0000000000000000
p_inst:0_usecol:1_direct_idx0:flowmin                      1.000000000000000    1.000000000000000   0.0000000000000000
p_inst:0_usecol:1_direct_idx0:flowmax                      4.000000000000000    1.000000000000000   0.0000000000000000
