single point
in_inst:0_usecol:1_direct_idx0:30                      0.2266234687356369    1.000000000000000   0.0000000000000000
out_inst:0_usecol:2_direct_idx0:30                      0.2747857879965924   -1.000000000000000   0.0000000000000000
in_inst:0_usecol:1_direct_idx0:31                      0.4030195702091345    1.000000000000000   0.0000000000000000
out_inst:0_usecol:2_direct_idx0:31                      0.2748021043313973   -1.000000000000000   0.0000000000000000
in_inst:0_usecol:1_direct_idx0:32                      0.6419483351048820    1.000000000000000   0.0000000000000000
out_inst:0_usecol:2_direct_idx0:32                      0.2781487588828436   -1.000000000000000   0.0000000000000000
in_inst:0_usecol:1_direct_idx0:33                      0.7383743021159128    1.000000000000000   0.0000000000000000
out_inst:0_usecol:2_direct_idx0:33                      0.3453308546546356   -1.000000000000000   0.0000000000000000
in_inst:0_usecol:1_direct_idx0:34                      0.6633520095313751    1.000000000000000   0.0000000000000000
out_inst:0_usecol:2_direct_idx0:34                      0.3844084825622680   -1.000000000000000   0.0000000000000000
in_inst:0_usecol:1_direct_idx0:35                      0.5679875239734983    1.000000000000000   0.0000000000000000
out_inst:0_usecol:2_direct_idx0:35                      0.3968100695095004   -1.000000000000000   0.0000000000000000
in_inst:0_usecol:1_direct_idx0:36                      0.5048598763495599    1.000000000000000   0.0000000000000000
out_inst:0_usecol:2_direct_idx0:36                      0.4090150335878035   -1.000000000000000   0.0000000000000000
in_inst:0_usecol:1_direct_idx0:37                      0.4741270578537555    1.000000000000000   0.0000000000000000
out_inst:0_usecol:2_direct_idx0:37                      0.4189879478397644   -1.000000000000000   0.0000000000000000
in_inst:0_usecol:1_direct_idx0:38                      0.4626418979711112    1.000000000000000   0.0000000000000000
out_inst:0_usecol:2_direct_idx0:38                      0.4261354821792308   -1.000000000000000   0.0000000000000000
in_inst:0_usecol:1_direct_idx0:39                      0.4604046970284933    1.000000000000000   0.0000000000000000
out_inst:0_usecol:2_direct_idx0:39                      0.4324287921503563   -1.000000000000000   0.0000000000000000
in_inst:0_usecol:1_direct_idx0:40                      0.4621249977315346    1.000000000000000   0.0000000000000000
out_inst:0_usecol:2_direct_idx0:40                      0.4381303780254626   -1.000000000000000   0.0000000000000000
in_inst:0_usecol:1_direct_idx0:41                      0.4661000796100511    1.000000000000000   0.0000000000000000
out_inst:0_usecol:2_direct_idx0:41                      0.4445645820987348   -1.000000000000000   0.0000000000000000
in_inst:0_usecol:1_direct_idx0:42                      0.4724350583591708    1.000000000000000   0.0000000000000000
out_inst:0_usecol:2_direct_idx0:42                      0.4509493032981196   -1.000000000000000   0.0000000000000000
in_inst:0_usecol:1_direct_idx0:43                      0.4809871876020533    1.000000000000000   0.0000000000000000
out_inst:0_usecol:2_direct_idx0:43                      0.4574530157369979   -1.000000000000000   0.0000000000000000
in_inst:0_usecol:1_direct_idx0:44                      0.4905449006924031    1.000000000000000   0.0000000000000000
out_inst:0_usecol:2_direct_idx0:44                      0.4624764033202816   -1.000000000000000   0.0000000000000000
in_inst:0_usecol:1_direct_idx0:45                      0.4992769272816948    1.000000000000000   0.0000000000000000
out_inst:0_usecol:2_direct_idx0:45                      0.4669657752330261   -1.000000000000000   0.0000000000000000
in_inst:0_usecol:1_direct_idx0:46                      0.5052997973649743    1.000000000000000   0.0000000000000000
out_inst:0_usecol:2_direct_idx0:46                      0.4722900779724003   -1.000000000000000   0.0000000000000000
in_inst:0_usecol:1_direct_idx0:47                      0.5075875614843204    1.000000000000000   0.0000000000000000
out_inst:0_usecol:2_direct_idx0:47                      0.4784297667738008   -1.000000000000000   0.0000000000000000
in_inst:0_usecol:1_direct_idx0:48                      0.5064171762066688    1.000000000000000   0.0000000000000000
out_inst:0_usecol:2_direct_idx0:48                      0.4852271535989828   -1.000000000000000   0.0000000000000000
in_inst:0_usecol:1_direct_idx0:49                      0.5031291009823589    1.000000000000000   0.0000000000000000
out_inst:0_usecol:2_direct_idx0:49                      0.4924072584478884   -1.000000000000000   0.0000000000000000
in_inst:0_usecol:1_direct_idx0:50                      0.4993790519549372    1.000000000000000   0.0000000000000000
out_inst:0_usecol:2_direct_idx0:50                      0.5003695920607480   -1.000000000000000   0.0000000000000000
in_inst:0_usecol:1_direct_idx0:51                      0.4965059029508795    1.000000000000000   0.0000000000000000
out_inst:0_usecol:2_direct_idx0:51                      0.5094026632247756   -1.000000000000000   0.0000000000000000
in_inst:0_usecol:1_direct_idx0:52                      0.4952336801238192    1.000000000000000   0.0000000000000000
out_inst:0_usecol:2_direct_idx0:52                      0.5188357310423892   -1.000000000000000   0.0000000000000000
in_inst:0_usecol:1_direct_idx0:53                      0.4955565844979867    1.000000000000000   0.0000000000000000
out_inst:0_usecol:2_direct_idx0:53                      0.5287147077911122   -1.000000000000000   0.0000000000000000
in_inst:0_usecol:1_direct_idx0:54                      0.4969514419990376    1.000000000000000   0.0000000000000000
out_inst:0_usecol:2_direct_idx0:54                      0.5396817274307765   -1.000000000000000   0.0000000000000000
in_inst:0_usecol:1_direct_idx0:55                      0.4987002345679675    1.000000000000000   0.0000000000000000
out_inst:0_usecol:2_direct_idx0:55                      0.5514862536689539   -1.000000000000000   0.0000000000000000
in_inst:0_usecol:1_direct_idx0:56                      0.5001246323265154    1.000000000000000   0.0000000000000000
out_inst:0_usecol:2_direct_idx0:56                      0.5639881863641878   -1.000000000000000   0.0000000000000000
in_inst:0_usecol:1_direct_idx0:57                      0.5008480882633770    1.000000000000000   0.0000000000000000
out_inst:0_usecol:2_direct_idx0:57                      0.5767930272589802   -1.000000000000000   0.0000000000000000
in_inst:0_usecol:1_direct_idx0:58                      0.5008749692214165    1.000000000000000   0.0000000000000000
out_inst:0_usecol:2_direct_idx0:58                      0.5896627582863029   -1.000000000000000   0.0000000000000000
in_inst:0_usecol:1_direct_idx0:59                      0.5005464003408540    1.000000000000000   0.0000000000000000
out_inst:0_usecol:2_direct_idx0:59                      0.6021186386271862   -1.000000000000000   0.0000000000000000
in_inst:0_usecol:1_direct_idx0:60                      0.5003727573134431    1.000000000000000   0.0000000000000000
out_inst:0_usecol:2_direct_idx0:60                      0.6137687173729388   -1.000000000000000   0.0000000000000000
in_inst:0_usecol:1_direct_idx0:61                      0.5008132890964854    1.000000000000000   0.0000000000000000
out_inst:0_usecol:2_direct_idx0:61                      0.6252450654181997   -1.000000000000000   0.0000000000000000
in_inst:0_usecol:1_direct_idx0:62                      0.5020251145837934    1.000000000000000   0.0000000000000000
out_inst:0_usecol:2_direct_idx0:62                      0.6370833929710500   -1.000000000000000   0.0000000000000000
in_inst:0_usecol:1_direct_idx0:63                      0.5037479198151044    1.000000000000000   0.0000000000000000
out_inst:0_usecol:2_direct_idx0:63                      0.6468085982351020   -1.000000000000000   0.0000000000000000
in_inst:0_usecol:1_direct_idx0:64                      0.5053681839796380    1.000000000000000   0.0000000000000000
out_inst:0_usecol:2_direct_idx0:64                      0.6543222931574157   -1.000000000000000   0.0000000000000000
in_inst:0_usecol:1_direct_idx0:65                      0.5060876534095821    1.000000000000000   0.0000000000000000
out_inst:0_usecol:2_direct_idx0:65                      0.6618484748299326   -1.000000000000000   0.0000000000000000
in_inst:0_usecol:1_direct_idx0:66                      0.5052788797407428    1.000000000000000   0.0000000000000000
out_inst:0_usecol:2_direct_idx0:66                      0.6652462030302545   -1.000000000000000   0.0000000000000000
in_inst:0_usecol:1_direct_idx0:67                      0.5026839436525314    1.000000000000000   0.0000000000000000
out_inst:0_usecol:2_direct_idx0:67                      0.6678285613858815   -1.000000000000000   0.0000000000000000
in_inst:0_usecol:1_direct_idx0:68                      0.4985618127522180    1.000000000000000   0.0000000000000000
out_inst:0_usecol:2_direct_idx0:68                      0.6744936669928390   -1.000000000000000   0.0000000000000000
in_inst:0_usecol:1_direct_idx0:69                      0.4935669352242402    1.000000000000000   0.0000000000000000
out_inst:0_usecol:2_direct_idx0:69                      0.6814104801307200   -1.000000000000000   0.0000000000000000
in_inst:0_usecol:1_direct_idx0:70                      0.4885890240016265    1.000000000000000   0.0000000000000000
out_inst:0_usecol:2_direct_idx0:70                      0.6847337088796343   -1.000000000000000   0.0000000000000000
in_inst:0_usecol:1_direct_idx0:71                      0.4845895408318696    1.000000000000000   0.0000000000000000
out_inst:0_usecol:2_direct_idx0:71                      0.6924506255522094   -1.000000000000000   0.0000000000000000
in_inst:0_usecol:1_direct_idx0:72                      0.4826131412889647    1.000000000000000   0.0000000000000000
out_inst:0_usecol:2_direct_idx0:72                      0.7079390409884433   -1.000000000000000   0.0000000000000000
in_inst:0_usecol:1_direct_idx0:73                      0.4834761205686695    1.000000000000000   0.0000000000000000
out_inst:0_usecol:2_direct_idx0:73                      0.7241909455798656   -1.000000000000000   0.0000000000000000
in_inst:0_usecol:1_direct_idx0:74                      0.4864767801225362    1.000000000000000   0.0000000000000000
out_inst:0_usecol:2_direct_idx0:74                      0.7440498523431388   -1.000000000000000   0.0000000000000000
in_inst:0_usecol:1_direct_idx0:75                      0.4883452092627725    1.000000000000000   0.0000000000000000
out_inst:0_usecol:2_direct_idx0:75                      0.7666707482543039   -1.000000000000000   0.0000000000000000
in_inst:0_usecol:1_direct_idx0:76                      0.4820719678601767    1.000000000000000   0.0000000000000000
out_inst:0_usecol:2_direct_idx0:76                      0.7834974119077038   -1.000000000000000   0.0000000000000000
in_inst:0_usecol:1_direct_idx0:77                      0.4598531696831047    1.000000000000000   0.0000000000000000
out_inst:0_usecol:2_direct_idx0:77                      0.7744764569385730   -1.000000000000000   0.0000000000000000
in_inst:0_usecol:1_direct_idx0:78                      0.4227009181535888    1.000000000000000   0.0000000000000000
out_inst:0_usecol:2_direct_idx0:78                      0.7555670097283683   -1.000000000000000   0.0000000000000000
in_inst:0_usecol:1_direct_idx0:79                      0.3912084847239068    1.000000000000000   0.0000000000000000
out_inst:0_usecol:2_direct_idx0:79                      0.6884379983391784   -1.000000000000000   0.0000000000000000
in_inst:0_usecol:1_direct_idx0:80                      0.4036482337121341    1.000000000000000   0.0000000000000000
out_inst:0_usecol:2_direct_idx0:80                      0.6653795354798125   -1.000000000000000   0.0000000000000000
in_inst:0_usecol:1_direct_idx0:81                      0.5203198443350590    1.000000000000000   0.0000000000000000
out_inst:0_usecol:2_direct_idx0:81                      0.6736828933910660   -1.000000000000000   0.0000000000000000
in_inst:0_usecol:1_direct_idx0:82                      0.7624431072264911    1.000000000000000   0.0000000000000000
out_inst:0_usecol:2_direct_idx0:82                      0.4967201081623907   -1.000000000000000   0.0000000000000000
in_inst:0_usecol:1_direct_idx0:83                      0.8120442515340225    1.000000000000000   0.0000000000000000
out_inst:0_usecol:2_direct_idx0:83                      0.2565100382995695   -1.000000000000000   0.0000000000000000
in_inst:0_usecol:1_direct_idx0:84                      0.3865194678798416    1.000000000000000   0.0000000000000000
out_inst:0_usecol:2_direct_idx0:84                      0.2741079393628512   -1.000000000000000   0.0000000000000000
tot_inst:0_usecol:1_direct                      1.202809310622581    1.000000000000000   0.0000000000000000
p_inst:0_usecol:1_direct_idx0:boreholedepth[l]                      88.20999999999999    1.000000000000000   0.0000000000000000
p_inst:0_usecol:1_direct_idx0:spatialdiscretizationofgrid[l]                      1.000000000000000    1.000000000000000   0.0000000000000000
p_inst:0_usecol:1_direct_idx0:constantboreholecross-sectionalarea[l^2]                      0.01350000000000000    1.000000000000000   0.0000000000000000
p_inst:0_usecol:1_direct_idx0:dispersivity[l^-1]                      0.5500000000000000    1.000000000000000   0.0000000000000000
p_inst:0_usecol:1_direct_idx0:diffusioncoefficient[l^2/t]                      1.000000000000000e-09    1.000000000000000   0.0000000000000000
p_inst:0_usecol:1_direct_idx0:tracerconcentrationofwaterinflow[m/l^3]                      0.0000000000000000    1.000000000000000   0.0000000000000000
p_inst:0_usecol:1_direct_idx0:watertemperature[celsius](onlyreadifaboveisfec)                      27.70000000000000    1.000000000000000   0.0000000000000000
p_inst:0_usecol:1_direct_idx0:alphamin                      0.2000000000000000    1.000000000000000   0.0000000000000000
p_inst:0_usecol:1_direct_idx0:alphamax                      0.6000000000000000    1.000000000000000   0.0000000000000000
p_inst:0_usecol:1_direct_idx0:flowmin                      1.000000000000000    1.000000000000000   0.0000000000000000
p_inst:0_usecol:1_direct_idx0:flowmax                      4.000000000000000    1.000000000000000   0.0000000000000000
