single point
in_inst:0_usecol:1_direct_idx0:30                      0.1501062024567377    1.000000000000000   0.0000000000000000
out_inst:0_usecol:2_direct_idx0:30                      0.1553148869824081   -1.000000000000000   0.0000000000000000
in_inst:0_usecol:1_direct_idx0:31                      0.4676144690797422    1.000000000000000   0.0000000000000000
out_inst:0_usecol:2_direct_idx0:31                      0.1392592520131985   -1.000000000000000   0.0000000000000000
in_inst:0_usecol:1_direct_idx0:32                      1.097241873052292    1.000000000000000   0.0000000000000000
out_inst:0_usecol:2_direct_idx0:32                      0.1355546255354968   -1.000000000000000   0.0000000000000000
in_inst:0_usecol:1_direct_idx0:33                      0.9760844159600877    1.000000000000000   0.0000000000000000
out_inst:0_usecol:2_direct_idx0:33                      0.1838541809413869   -1.000000000000000   0.0000000000000000
in_inst:0_usecol:1_direct_idx0:34                      0.6775076652337600    1.000000000000000   0.0000000000000000
out_inst:0_usecol:2_direct_idx0:34                      0.2198176604447450   -1.000000000000000   0.0000000000000000
in_inst:0_usecol:1_direct_idx0:35                      0.5285435028109807    1.000000000000000   0.0000000000000000
out_inst:0_usecol:2_direct_idx0:35                      0.2392805629419651   -1.000000000000000   0.0000000000000000
in_inst:0_usecol:1_direct_idx0:36                      0.4526754205701046    1.000000000000000   0.0000000000000000
out_inst:0_usecol:2_direct_idx0:36                      0.2574401148882309   -1.000000000000000   0.0000000000000000
in_inst:0_usecol:1_direct_idx0:37                      0.4291694838178530    1.000000000000000   0.0000000000000000
out_inst:0_usecol:2_direct_idx0:37                      0.2727509815690391   -1.000000000000000   0.0000000000000000
in_inst:0_usecol:1_direct_idx0:38                      0.4300424570846427    1.000000000000000   0.0000000000000000
out_inst:0_usecol:2_direct_idx0:38                      0.2833894619994217   -1.000000000000000   0.0000000000000000
in_inst:0_usecol:1_direct_idx0:39                      0.4460720103628628    1.000000000000000   0.0000000000000000
out_inst:0_usecol:2_direct_idx0:39                      0.2931282489290577   -1.000000000000000   0.0000000000000000
in_inst:0_usecol:1_direct_idx0:40                      0.4696666000971909    1.000000000000000   0.0000000000000000
out_inst:0_usecol:2_direct_idx0:40                      0.3030987626627091   -1.000000000000000   0.0000000000000000
in_inst:0_usecol:1_direct_idx0:41                      0.4843133452627876    1.000000000000000   0.0000000000000000
out_inst:0_usecol:2_direct_idx0:41                      0.3130908124540792   -1.000000000000000   0.0000000000000000
in_inst:0_usecol:1_direct_idx0:42                      0.4878534659682518    1.000000000000000   0.0000000000000000
out_inst:0_usecol:2_direct_idx0:42                      0.3218868247586624   -1.000000000000000   0.0000000000000000
in_inst:0_usecol:1_direct_idx0:43                      0.4790981883934321    1.000000000000000   0.0000000000000000
out_inst:0_usecol:2_direct_idx0:43                      0.3295776714719675   -1.000000000000000   0.0000000000000000
in_inst:0_usecol:1_direct_idx0:44                      0.4720992102772361    1.000000000000000   0.0000000000000000
out_inst:0_usecol:2_direct_idx0:44                      0.3359962648873054   -1.000000000000000   0.0000000000000000
in_inst:0_usecol:1_direct_idx0:45                      0.4814514584561430    1.000000000000000   0.0000000000000000
out_inst:0_usecol:2_direct_idx0:45                      0.3424509785301210   -1.000000000000000   0.0000000000000000
in_inst:0_usecol:1_direct_idx0:46                      0.5007667054245175    1.000000000000000   0.0000000000000000
out_inst:0_usecol:2_direct_idx0:46                      0.3500984609965658   -1.000000000000000   0.0000000000000000
in_inst:0_usecol:1_direct_idx0:47                      0.5153992720511205    1.000000000000000   0.0000000000000000
out_inst:0_usecol:2_direct_idx0:47                      0.3588730831415864   -1.000000000000000   0.0000000000000000
in_inst:0_usecol:1_direct_idx0:48                      0.5149306158856815    1.000000000000000   0.0000000000000000
out_inst:0_usecol:2_direct_idx0:48                      0.3683731008503811   -1.000000000000000   0.0000000000000000
in_inst:0_usecol:1_direct_idx0:49                      0.5040896400475485    1.000000000000000   0.0000000000000000
out_inst:0_usecol:2_direct_idx0:49                      0.3782238364545366   -1.000000000000000   0.0000000000000000
in_inst:0_usecol:1_direct_idx0:50                      0.4938506018615379    1.000000000000000   0.0000000000000000
out_inst:0_usecol:2_direct_idx0:50                      0.3888155063043824   -1.000000000000000   0.0000000000000000
in_inst:0_usecol:1_direct_idx0:51                      0.4870855520846072    1.000000000000000   0.0000000000000000
out_inst:0_usecol:2_direct_idx0:51                      0.4003639793478529   -1.000000000000000   0.0000000000000000
in_inst:0_usecol:1_direct_idx0:52                      0.4817434089392634    1.000000000000000   0.0000000000000000
out_inst:0_usecol:2_direct_idx0:52                      0.4122462344141519   -1.000000000000000   0.0000000000000000
in_inst:0_usecol:1_direct_idx0:53                      0.4822644964331415    1.000000000000000   0.0000000000000000
out_inst:0_usecol:2_direct_idx0:53                      0.4246164925538108   -1.000000000000000   0.0000000000000000
in_inst:0_usecol:1_direct_idx0:54                      0.4893495036041208    1.000000000000000   0.0000000000000000
out_inst:0_usecol:2_direct_idx0:54                      0.4380149557425850   -1.000000000000000   0.0000000000000000
in_inst:0_usecol:1_direct_idx0:55                      0.5000439949130102    1.000000000000000   0.0000000000000000
out_inst:0_usecol:2_direct_idx0:55                      0.4523267684424909   -1.000000000000000   0.0000000000000000
in_inst:0_usecol:1_direct_idx0:56                      0.5082866192099658    1.000000000000000   0.0000000000000000
out_inst:0_usecol:2_direct_idx0:56                      0.4674019614877570   -1.000000000000000   0.0000000000000000
in_inst:0_usecol:1_direct_idx0:57                      0.5090022924184131    1.000000000000000   0.0000000000000000
out_inst:0_usecol:2_direct_idx0:57                      0.4829535644291297   -1.000000000000000   0.0000000000000000
in_inst:0_usecol:1_direct_idx0:58                      0.5025418189358718    1.000000000000000   0.0000000000000000
out_inst:0_usecol:2_direct_idx0:58                      0.4989528775590930   -1.000000000000000   0.0000000000000000
in_inst:0_usecol:1_direct_idx0:59                      0.4922406434852887    1.000000000000000   0.0000000000000000
out_inst:0_usecol:2_direct_idx0:59                      0.5152062776843712   -1.000000000000000   0.0000000000000000
in_inst:0_usecol:1_direct_idx0:60                      0.4825708386100755    1.000000000000000   0.0000000000000000
out_inst:0_usecol:2_direct_idx0:60                      0.5319083699407502   -1.000000000000000   0.0000000000000000
in_inst:0_usecol:1_direct_idx0:61                      0.4761166358399979    1.000000000000000   0.0000000000000000
out_inst:0_usecol:2_direct_idx0:61                      0.5501384426885422   -1.000000000000000   0.0000000000000000
in_inst:0_usecol:1_direct_idx0:62                      0.4756640041678562    1.000000000000000   0.0000000000000000
out_inst:0_usecol:2_direct_idx0:62                      0.5705619038369895   -1.000000000000000   0.0000000000000000
in_inst:0_usecol:1_direct_idx0:63                      0.4822253378782091    1.000000000000000   0.0000000000000000
out_inst:0_usecol:2_direct_idx0:63                      0.5911491865971945   -1.000000000000000   0.0000000000000000
in_inst:0_usecol:1_direct_idx0:64                      0.4922728243121275    1.000000000000000   0.0000000000000000
out_inst:0_usecol:2_direct_idx0:64                      0.6115466490810874   -1.000000000000000   0.0000000000000000
in_inst:0_usecol:1_direct_idx0:65                      0.5017694227230078    1.000000000000000   0.0000000000000000
out_inst:0_usecol:2_direct_idx0:65                      0.6329885522660856   -1.000000000000000   0.0000000000000000
in_inst:0_usecol:1_direct_idx0:66                      0.5075000193762195    1.000000000000000   0.0000000000000000
out_inst:0_usecol:2_direct_idx0:66                      0.6511951501004145   -1.000000000000000   0.0000000000000000
in_inst:0_usecol:1_direct_idx0:67                      0.5069404761431791    1.000000000000000   0.0000000000000000
out_inst:0_usecol:2_direct_idx0:67                      0.6678420889281373   -1.000000000000000   0.0000000000000000
in_inst:0_usecol:1_direct_idx0:68                      0.5069705379676585    1.000000000000000   0.0000000000000000
out_inst:0_usecol:2_direct_idx0:68                      0.6876392748660980   -1.000000000000000   0.0000000000000000
in_inst:0_usecol:1_direct_idx0:69                      0.5106411504486578    1.000000000000000   0.0000000000000000
out_inst:0_usecol:2_direct_idx0:69                      0.7065021877212765   -1.000000000000000   0.0000000000000000
in_inst:0_usecol:1_direct_idx0:70                      0.5104219297250323    1.000000000000000   0.0000000000000000
out_inst:0_usecol:2_direct_idx0:70                      0.7177694882505149   -1.000000000000000   0.0000000000000000
in_inst:0_usecol:1_direct_idx0:71                      0.5013783380511556    1.000000000000000   0.0000000000000000
out_inst:0_usecol:2_direct_idx0:71                      0.7287443311605480   -1.000000000000000   0.0000000000000000
in_inst:0_usecol:1_direct_idx0:72                      0.4922915153018305    1.000000000000000   0.0000000000000000
out_inst:0_usecol:2_direct_idx0:72                      0.7450581621670778   -1.000000000000000   0.0000000000000000
in_inst:0_usecol:1_direct_idx0:73                      0.4864065215331655    1.000000000000000   0.0000000000000000
out_inst:0_usecol:2_direct_idx0:73                      0.7586799525074847   -1.000000000000000   0.0000000000000000
in_inst:0_usecol:1_direct_idx0:74                      0.4751738656633623    1.000000000000000   0.0000000000000000
out_inst:0_usecol:2_direct_idx0:74                      0.7732311810686735   -1.000000000000000   0.0000000000000000
in_inst:0_usecol:1_direct_idx0:75                      0.4596529745696947    1.000000000000000   0.0000000000000000
out_inst:0_usecol:2_direct_idx0:75                      0.7906939274078530   -1.000000000000000   0.0000000000000000
in_inst:0_usecol:1_direct_idx0:76                      0.4399955387372746    1.000000000000000   0.0000000000000000
out_inst:0_usecol:2_direct_idx0:76                      0.8034317622158854   -1.000000000000000   0.0000000000000000
in_inst:0_usecol:1_direct_idx0:77                      0.4153857285911668    1.000000000000000   0.0000000000000000
out_inst:0_usecol:2_direct_idx0:77                      0.7864096594336403   -1.000000000000000   0.0000000000000000
in_inst:0_usecol:1_direct_idx0:78                      0.3924014204222875    1.000000000000000   0.0000000000000000
out_inst:0_usecol:2_direct_idx0:78                      0.7502364683464341   -1.000000000000000   0.0000000000000000
in_inst:0_usecol:1_direct_idx0:79                      0.3834921665721850    1.000000000000000   0.0000000000000000
out_inst:0_usecol:2_direct_idx0:79                      0.6506281770326551   -1.000000000000000   0.0000000000000000
in_inst:0_usecol:1_direct_idx0:80                      0.3835239813777092    1.000000000000000   0.0000000000000000
out_inst:0_usecol:2_direct_idx0:80                      0.5818852177869046   -1.000000000000000   0.0000000000000000
in_inst:0_usecol:1_direct_idx0:81                      0.4902045405441043    1.000000000000000   0.0000000000000000
out_inst:0_usecol:2_direct_idx0:81                      0.5257030224130418   -1.000000000000000   0.0000000000000000
in_inst:0_usecol:1_direct_idx0:82                      0.8554674945771407    1.000000000000000   0.0000000000000000
out_inst:0_usecol:2_direct_idx0:82                      0.3119608876209689   -1.000000000000000   0.0000000000000000
in_inst:0_usecol:1_direct_idx0:83                      1.104747129523609    1.000000000000000   0.0000000000000000
out_inst:0_usecol:2_direct_idx0:83                      0.1175336833987445   -1.000000000000000   0.0000000000000000
in_inst:0_usecol:1_direct_idx0:84                      0.3080870681565868    1.000000000000000   0.0000000000000000
out_inst:0_usecol:2_direct_idx0:84                      0.1026237656298205   -1.000000000000000   0.0000000000000000
tot_inst:0_usecol:1_direct                      0.1924288520363388    1.000000000000000   0.0000000000000000
p_inst:0_usecol:1_direct_idx0:boreholedepth[l]                      88.20999999999999    1.000000000000000   0.0000000000000000
p_inst:0_usecol:1_direct_idx0:spatialdiscretizationofgrid[l]                      1.000000000000000    1.000000000000000   0.0000000000000000
p_inst:0_usecol:1_direct_idx0:constantboreholecross-sectionalarea[l^2]                      0.01350000000000000    1.000000000000000   0.0000000000000000
p_inst:0_usecol:1_direct_idx0:dispersivity[l^-1]                      0.9815557116285254    1.000000000000000   0.0000000000000000
p_inst:0_usecol:1_direct_idx0:diffusioncoefficient[l^2/t]                      1.000000000000000e-09    1.000000000000000   0.0000000000000000
p_inst:0_usecol:1_direct_idx0:tracerconcentrationofwaterinflow[m/l^3]                      0.0000000000000000    1.000000000000000   0.0000000000000000
p_inst:0_usecol:1_direct_idx0:watertemperature[celsius](onlyreadifaboveisfec)                      27.70000000000000    1.000000000000000   0.0000000000000000
p_inst:0_usecol:1_direct_idx0:alphamin                      0.2000000000000000    1.000000000000000   0.0000000000000000
p_inst:0_usecol:1_direct_idx0:alphamax                      0.6000000000000000    1.000000000000000   0.0000000000000000
p_inst:0_usecol:1_direct_idx0:flowmin                      1.000000000000000    1.000000000000000   0.0000000000000000
p_inst:0_usecol:1_direct_idx0:flowmax                      4.000000000000000    1.000000000000000   0.0000000000000000
