single point
in_inst:0_usecol:1_direct_idx0:30                      19.00278879600000    1.000000000000000   0.0000000000000000
out_inst:0_usecol:2_direct_idx0:30                      0.1229313362400000   -1.000000000000000   0.0000000000000000
in_inst:0_usecol:1_direct_idx0:31                      1.174433416500000    1.000000000000000   0.0000000000000000
out_inst:0_usecol:2_direct_idx0:31                      0.08276276456200000   -1.000000000000000   0.0000000000000000
in_inst:0_usecol:1_direct_idx0:32                      1.638044551100000    1.000000000000000   0.0000000000000000
out_inst:0_usecol:2_direct_idx0:32                      0.07337345403600000   -1.000000000000000   0.0000000000000000
in_inst:0_usecol:1_direct_idx0:33                      1.087994389600000    1.000000000000000   0.0000000000000000
out_inst:0_usecol:2_direct_idx0:33                      0.1054412583500000   -1.000000000000000   0.0000000000000000
in_inst:0_usecol:1_direct_idx0:34                      0.8117110015900000    1.000000000000000   0.0000000000000000
out_inst:0_usecol:2_direct_idx0:34                      0.1334966923600000   -1.000000000000000   0.0000000000000000
in_inst:0_usecol:1_direct_idx0:35                      0.6833867021300000    1.000000000000000   0.0000000000000000
out_inst:0_usecol:2_direct_idx0:35                      0.1562618023400000   -1.000000000000000   0.0000000000000000
in_inst:0_usecol:1_direct_idx0:36                      0.5561646323200000    1.000000000000000   0.0000000000000000
out_inst:0_usecol:2_direct_idx0:36                      0.1886147345300000   -1.000000000000000   0.0000000000000000
in_inst:0_usecol:1_direct_idx0:37                      0.3956342688300000    1.000000000000000   0.0000000000000000
out_inst:0_usecol:2_direct_idx0:37                      0.2328413608700000   -1.000000000000000   0.0000000000000000
in_inst:0_usecol:1_direct_idx0:38                      0.3577284735700000    1.000000000000000   0.0000000000000000
out_inst:0_usecol:2_direct_idx0:38                      0.2736557165600000   -1.000000000000000   0.0000000000000000
in_inst:0_usecol:1_direct_idx0:39                      0.3423010159300000    1.000000000000000   0.0000000000000000
out_inst:0_usecol:2_direct_idx0:39                      0.3096891694700000   -1.000000000000000   0.0000000000000000
in_inst:0_usecol:1_direct_idx0:40                      0.3558963088800000    1.000000000000000   0.0000000000000000
out_inst:0_usecol:2_direct_idx0:40                      0.3297375368800000   -1.000000000000000   0.0000000000000000
in_inst:0_usecol:1_direct_idx0:41                      0.3812215934400000    1.000000000000000   0.0000000000000000
out_inst:0_usecol:2_direct_idx0:41                      0.3397141892900000   -1.000000000000000   0.0000000000000000
in_inst:0_usecol:1_direct_idx0:42                      0.4005652004700000    1.000000000000000   0.0000000000000000
out_inst:0_usecol:2_direct_idx0:42                      0.3465624579700000   -1.000000000000000   0.0000000000000000
in_inst:0_usecol:1_direct_idx0:43                      0.4052456020100000    1.000000000000000   0.0000000000000000
out_inst:0_usecol:2_direct_idx0:43                      0.3539188175900000   -1.000000000000000   0.0000000000000000
in_inst:0_usecol:1_direct_idx0:44                      0.3917356447700000    1.000000000000000   0.0000000000000000
out_inst:0_usecol:2_direct_idx0:44                      0.3618201400300000   -1.000000000000000   0.0000000000000000
in_inst:0_usecol:1_direct_idx0:45                      0.4104299966600000    1.000000000000000   0.0000000000000000
out_inst:0_usecol:2_direct_idx0:45                      0.3705051907500000   -1.000000000000000   0.0000000000000000
in_inst:0_usecol:1_direct_idx0:46                      0.4404437622900000    1.000000000000000   0.0000000000000000
out_inst:0_usecol:2_direct_idx0:46                      0.3807772710900000   -1.000000000000000   0.0000000000000000
in_inst:0_usecol:1_direct_idx0:47                      0.4597823164300000    1.000000000000000   0.0000000000000000
out_inst:0_usecol:2_direct_idx0:47                      0.3925867861200000   -1.000000000000000   0.0000000000000000
in_inst:0_usecol:1_direct_idx0:48                      0.4556493341900000    1.000000000000000   0.0000000000000000
out_inst:0_usecol:2_direct_idx0:48                      0.4055619819400000   -1.000000000000000   0.0000000000000000
in_inst:0_usecol:1_direct_idx0:49                      0.4405528659700000    1.000000000000000   0.0000000000000000
out_inst:0_usecol:2_direct_idx0:49                      0.4186119258200000   -1.000000000000000   0.0000000000000000
in_inst:0_usecol:1_direct_idx0:50                      0.4290773932600000    1.000000000000000   0.0000000000000000
out_inst:0_usecol:2_direct_idx0:50                      0.4317752025800000   -1.000000000000000   0.0000000000000000
in_inst:0_usecol:1_direct_idx0:51                      0.4163599420200000    1.000000000000000   0.0000000000000000
out_inst:0_usecol:2_direct_idx0:51                      0.4459522020400000   -1.000000000000000   0.0000000000000000
in_inst:0_usecol:1_direct_idx0:52                      0.4021410416600000    1.000000000000000   0.0000000000000000
out_inst:0_usecol:2_direct_idx0:52                      0.4607242558000000   -1.000000000000000   0.0000000000000000
in_inst:0_usecol:1_direct_idx0:53                      0.4027663967100000    1.000000000000000   0.0000000000000000
out_inst:0_usecol:2_direct_idx0:53                      0.4749866298600000   -1.000000000000000   0.0000000000000000
in_inst:0_usecol:1_direct_idx0:54                      0.4129081319700000    1.000000000000000   0.0000000000000000
out_inst:0_usecol:2_direct_idx0:54                      0.4905605279900000   -1.000000000000000   0.0000000000000000
in_inst:0_usecol:1_direct_idx0:55                      0.4273637014100000    1.000000000000000   0.0000000000000000
out_inst:0_usecol:2_direct_idx0:55                      0.5074078922000000   -1.000000000000000   0.0000000000000000
in_inst:0_usecol:1_direct_idx0:56                      0.4345893218100000    1.000000000000000   0.0000000000000000
out_inst:0_usecol:2_direct_idx0:56                      0.5256981939099999   -1.000000000000000   0.0000000000000000
in_inst:0_usecol:1_direct_idx0:57                      0.4352420887000000    1.000000000000000   0.0000000000000000
out_inst:0_usecol:2_direct_idx0:57                      0.5449355061200000   -1.000000000000000   0.0000000000000000
in_inst:0_usecol:1_direct_idx0:58                      0.4344938022000000    1.000000000000000   0.0000000000000000
out_inst:0_usecol:2_direct_idx0:58                      0.5641660335300001   -1.000000000000000   0.0000000000000000
in_inst:0_usecol:1_direct_idx0:59                      0.4353827956700000    1.000000000000000   0.0000000000000000
out_inst:0_usecol:2_direct_idx0:59                      0.5835157247500000   -1.000000000000000   0.0000000000000000
in_inst:0_usecol:1_direct_idx0:60                      0.4296452289900000    1.000000000000000   0.0000000000000000
out_inst:0_usecol:2_direct_idx0:60                      0.6031426192200000   -1.000000000000000   0.0000000000000000
in_inst:0_usecol:1_direct_idx0:61                      0.4184320918700000    1.000000000000000   0.0000000000000000
out_inst:0_usecol:2_direct_idx0:61                      0.6248953442800000   -1.000000000000000   0.0000000000000000
in_inst:0_usecol:1_direct_idx0:62                      0.4233335415500000    1.000000000000000   0.0000000000000000
out_inst:0_usecol:2_direct_idx0:62                      0.6469779666300000   -1.000000000000000   0.0000000000000000
in_inst:0_usecol:1_direct_idx0:63                      0.4562500392700000    1.000000000000000   0.0000000000000000
out_inst:0_usecol:2_direct_idx0:63                      0.6658773834200000   -1.000000000000000   0.0000000000000000
in_inst:0_usecol:1_direct_idx0:64                      0.4883814263400000    1.000000000000000   0.0000000000000000
out_inst:0_usecol:2_direct_idx0:64                      0.6837711573800000   -1.000000000000000   0.0000000000000000
in_inst:0_usecol:1_direct_idx0:65                      0.5197672197400000    1.000000000000000   0.0000000000000000
out_inst:0_usecol:2_direct_idx0:65                      0.7019538297500000   -1.000000000000000   0.0000000000000000
in_inst:0_usecol:1_direct_idx0:66                      0.5560069049000000    1.000000000000000   0.0000000000000000
out_inst:0_usecol:2_direct_idx0:66                      0.7150163023800000   -1.000000000000000   0.0000000000000000
in_inst:0_usecol:1_direct_idx0:67                      0.5600657513300000    1.000000000000000   0.0000000000000000
out_inst:0_usecol:2_direct_idx0:67                      0.7286129780300000   -1.000000000000000   0.0000000000000000
in_inst:0_usecol:1_direct_idx0:68                      0.5455031841000000    1.000000000000000   0.0000000000000000
out_inst:0_usecol:2_direct_idx0:68                      0.7476643199100000   -1.000000000000000   0.0000000000000000
in_inst:0_usecol:1_direct_idx0:69                      0.5484896179800000    1.000000000000000   0.0000000000000000
out_inst:0_usecol:2_direct_idx0:69                      0.7659019815200000   -1.000000000000000   0.0000000000000000
in_inst:0_usecol:1_direct_idx0:70                      0.5632191766900000    1.000000000000000   0.0000000000000000
out_inst:0_usecol:2_direct_idx0:70                      0.7768697499600000   -1.000000000000000   0.0000000000000000
in_inst:0_usecol:1_direct_idx0:71                      0.5344243615499999    1.000000000000000   0.0000000000000000
out_inst:0_usecol:2_direct_idx0:71                      0.7905482270700001   -1.000000000000000   0.0000000000000000
in_inst:0_usecol:1_direct_idx0:72                      0.5026870139300000    1.000000000000000   0.0000000000000000
out_inst:0_usecol:2_direct_idx0:72                      0.8114507030000000   -1.000000000000000   0.0000000000000000
in_inst:0_usecol:1_direct_idx0:73                      0.4912082731500000    1.000000000000000   0.0000000000000000
out_inst:0_usecol:2_direct_idx0:73                      0.8282181813700000   -1.000000000000000   0.0000000000000000
in_inst:0_usecol:1_direct_idx0:74                      0.4749273792700000    1.000000000000000   0.0000000000000000
out_inst:0_usecol:2_direct_idx0:74                      0.8463474928000000   -1.000000000000000   0.0000000000000000
in_inst:0_usecol:1_direct_idx0:75                      0.4594125331500000    1.000000000000000   0.0000000000000000
out_inst:0_usecol:2_direct_idx0:75                      0.8679602552400000   -1.000000000000000   0.0000000000000000
in_inst:0_usecol:1_direct_idx0:76                      0.4592658197000000    1.000000000000000   0.0000000000000000
out_inst:0_usecol:2_direct_idx0:76                      0.8853945895300001   -1.000000000000000   0.0000000000000000
in_inst:0_usecol:1_direct_idx0:77                      0.4840043926700000    1.000000000000000   0.0000000000000000
out_inst:0_usecol:2_direct_idx0:77                      0.8726811373500000   -1.000000000000000   0.0000000000000000
in_inst:0_usecol:1_direct_idx0:78                      0.4690367255300000    1.000000000000000   0.0000000000000000
out_inst:0_usecol:2_direct_idx0:78                      0.8506921880800000   -1.000000000000000   0.0000000000000000
in_inst:0_usecol:1_direct_idx0:79                      0.5166631182800000    1.000000000000000   0.0000000000000000
out_inst:0_usecol:2_direct_idx0:79                      0.7749531299100000   -1.000000000000000   0.0000000000000000
in_inst:0_usecol:1_direct_idx0:80                      0.4512069389100000    1.000000000000000   0.0000000000000000
out_inst:0_usecol:2_direct_idx0:80                      0.7682220695899999   -1.000000000000000   0.0000000000000000
in_inst:0_usecol:1_direct_idx0:81                      0.4680343305600000    1.000000000000000   0.0000000000000000
out_inst:0_usecol:2_direct_idx0:81                      0.8643709372500000   -1.000000000000000   0.0000000000000000
in_inst:0_usecol:1_direct_idx0:82                      0.8029080787700000    1.000000000000000   0.0000000000000000
out_inst:0_usecol:2_direct_idx0:82                      0.6751119101600001   -1.000000000000000   0.0000000000000000
in_inst:0_usecol:1_direct_idx0:83                      0.5786676274800000    1.000000000000000   0.0000000000000000
out_inst:0_usecol:2_direct_idx0:83                      0.2459553741000000   -1.000000000000000   0.0000000000000000
in_inst:0_usecol:1_direct_idx0:84                      0.05210266839700000    1.000000000000000   0.0000000000000000
out_inst:0_usecol:2_direct_idx0:84                      0.3292236778900000   -1.000000000000000   0.0000000000000000
tot_inst:0_usecol:1_direct                      0.1078278717900000    1.000000000000000   0.0000000000000000
p_inst:0_usecol:1_direct_idx0:boreholedepth[l]                      88.20999999999999    1.000000000000000   0.0000000000000000
p_inst:0_usecol:1_direct_idx0:spatialdiscretizationofgrid[l]                      1.000000000000000    1.000000000000000   0.0000000000000000
p_inst:0_usecol:1_direct_idx0:constantboreholecross-sectionalarea[l^2]                      0.01350000000000000    1.000000000000000   0.0000000000000000
p_inst:0_usecol:1_direct_idx0:dispersivity[l^-1]                      2.384723391400000    1.000000000000000   0.0000000000000000
p_inst:0_usecol:1_direct_idx0:diffusioncoefficient[l^2/t]                      1.000000000000000e-09    1.000000000000000   0.0000000000000000
p_inst:0_usecol:1_direct_idx0:tracerconcentrationofwaterinflow[m/l^3]                      0.0000000000000000    1.000000000000000   0.0000000000000000
p_inst:0_usecol:1_direct_idx0:watertemperature[celsius](onlyreadifaboveisfec)                      27.70000000000000    1.000000000000000   0.0000000000000000
p_inst:0_usecol:1_direct_idx0:alphamin                      0.2000000000000000    1.000000000000000   0.0000000000000000
p_inst:0_usecol:1_direct_idx0:alphamax                      0.6000000000000000    1.000000000000000   0.0000000000000000
p_inst:0_usecol:1_direct_idx0:flowmin                      1.000000000000000    1.000000000000000   0.0000000000000000
p_inst:0_usecol:1_direct_idx0:flowmax                      4.000000000000000    1.000000000000000   0.0000000000000000
